/*--------------------------------*- C++ -*----------------------------------*\
| =========                 |                                                 |
| \\      /  F ield         | OpenFOAM: The Open Source CFD Toolbox           |
|  \\    /   O peration     | Version:  2412                                  |
|   \\  /    A nd           | Website:  www.openfoam.com                      |
|    \\/     M anipulation  |                                                 |
\*---------------------------------------------------------------------------*/
FoamFile
{
    version     2.0;
    format      ascii;
    arch        "LSB;label=32;scalar=64";
    class       volScalarField;
    location    "300";
    object      p;
}
// * * * * * * * * * * * * * * * * * * * * * * * * * * * * * * * * * * * * * //

dimensions      [0 2 -2 0 0 0 0];

internalField   nonuniform List<scalar> 
3700
(
0.000995
0.000985
0.000975
0.000965
0.000955
0.000945
0.000935
0.000925
0.000915
0.000905
0.000895
0.000885
0.000875
0.000865
0.000855
0.000845
0.000835
0.000825
0.000815
0.000805
0.000795
0.000785
0.000775
0.000765
0.000755
0.000745
0.000735
0.000725
0.000715
0.000705
0.000695
0.000685
0.000675
0.000665
0.000655
0.000645
0.000635
0.000625
0.000615
0.000605
0.000595
0.000585
0.000575
0.000565
0.000555
0.000545
0.000535
0.000525
0.000515
0.000505
0.000495
0.000485
0.000475
0.000465
0.000455
0.000445
0.000435
0.000425
0.000415
0.000405
0.000395
0.000385
0.000375
0.000365
0.000355
0.000345
0.000335
0.000325
0.000315
0.000305
0.000295
0.000285
0.000275
0.000265
0.000255
0.000245
0.000235
0.000225
0.000215
0.000205
0.000195
0.000185
0.000175
0.000165
0.000155
0.000145
0.000135
0.000125
0.000115
0.000105
9.5e-05
8.5e-05
7.5e-05
6.5e-05
5.5e-05
4.5e-05
3.5e-05
2.5e-05
1.5e-05
5e-06
0.000995
0.000985
0.000975
0.000965
0.000955
0.000945
0.000935
0.000925
0.000915
0.000905
0.000895
0.000885
0.000875
0.000865
0.000855
0.000845
0.000835
0.000825
0.000815
0.000805
0.000795
0.000785
0.000775
0.000765
0.000755
0.000745
0.000735
0.000725
0.000715
0.000705
0.000695
0.000685
0.000675
0.000665
0.000655
0.000645
0.000635
0.000625
0.000615
0.000605
0.000595
0.000585
0.000575
0.000565
0.000555
0.000545
0.000535
0.000525
0.000515
0.000505
0.000495
0.000485
0.000475
0.000465
0.000455
0.000445
0.000435
0.000425
0.000415
0.000405
0.000395
0.000385
0.000375
0.000365
0.000355
0.000345
0.000335
0.000325
0.000315
0.000305
0.000295
0.000285
0.000275
0.000265
0.000255
0.000245
0.000235
0.000225
0.000215
0.000205
0.000195
0.000185
0.000175
0.000165
0.000155
0.000145
0.000135
0.000125
0.000115
0.000105
9.5e-05
8.5e-05
7.5e-05
6.5e-05
5.5e-05
4.5e-05
3.5e-05
2.5e-05
1.5e-05
5e-06
0.000995
0.000985
0.000975
0.000965
0.000955
0.000945
0.000935
0.000925
0.000915
0.000905
0.000895
0.000885
0.000875
0.000865
0.000855
0.000845
0.000835
0.000825
0.000815
0.000805
0.000795
0.000785
0.000775
0.000765
0.000755
0.000745
0.000735
0.000725
0.000715
0.000705
0.000695
0.000685
0.000675
0.000665
0.000655
0.000645
0.000635
0.000625
0.000615
0.000605
0.000595
0.000585
0.000575
0.000565
0.000555
0.000545
0.000535
0.000525
0.000515
0.000505
0.000495
0.000485
0.000475
0.000465
0.000455
0.000445
0.000435
0.000425
0.000415
0.000405
0.000395
0.000385
0.000375
0.000365
0.000355
0.000345
0.000335
0.000325
0.000315
0.000305
0.000295
0.000285
0.000275
0.000265
0.000255
0.000245
0.000235
0.000225
0.000215
0.000205
0.000195
0.000185
0.000175
0.000165
0.000155
0.000145
0.000135
0.000125
0.000115
0.000105
9.5e-05
8.5e-05
7.5e-05
6.5e-05
5.5e-05
4.5e-05
3.5e-05
2.5e-05
1.5e-05
5e-06
0.000995
0.000985
0.000975
0.000965
0.000955
0.000945
0.000935
0.000925
0.000915
0.000905
0.000895
0.000885
0.000875
0.000865
0.000855
0.000845
0.000835
0.000825
0.000815
0.000805
0.000795
0.000785
0.000775
0.000765
0.000755
0.000745
0.000735
0.000725
0.000715
0.000705
0.000695
0.000685
0.000675
0.000665
0.000655
0.000645
0.000635
0.000625
0.000615
0.000605
0.000595
0.000585
0.000575
0.000565
0.000555
0.000545
0.000535
0.000525
0.000515
0.000505
0.000495
0.000485
0.000475
0.000465
0.000455
0.000445
0.000435
0.000425
0.000415
0.000405
0.000395
0.000385
0.000375
0.000365
0.000355
0.000345
0.000335
0.000325
0.000315
0.000305
0.000295
0.000285
0.000275
0.000265
0.000255
0.000245
0.000235
0.000225
0.000215
0.000205
0.000195
0.000185
0.000175
0.000165
0.000155
0.000145
0.000135
0.000125
0.000115
0.000105
9.5e-05
8.5e-05
7.5e-05
6.5e-05
5.5e-05
4.5e-05
3.5e-05
2.5e-05
1.5e-05
5e-06
0.000995
0.000985
0.000975
0.000965
0.000955
0.000945
0.000935
0.000925
0.000915
0.000905
0.000895
0.000885
0.000875
0.000865
0.000855
0.000845
0.000835
0.000825
0.000815
0.000805
0.000795
0.000785
0.000775
0.000765
0.000755
0.000745
0.000735
0.000725
0.000715
0.000705
0.000695
0.000685
0.000675
0.000665
0.000655
0.000645
0.000635
0.000625
0.000615
0.000605
0.000595
0.000585
0.000575
0.000565
0.000555
0.000545
0.000535
0.000525
0.000515
0.000505
0.000495
0.000485
0.000475
0.000465
0.000455
0.000445
0.000435
0.000425
0.000415
0.000405
0.000395
0.000385
0.000375
0.000365
0.000355
0.000345
0.000335
0.000325
0.000315
0.000305
0.000295
0.000285
0.000275
0.000265
0.000255
0.000245
0.000235
0.000225
0.000215
0.000205
0.000195
0.000185
0.000175
0.000165
0.000155
0.000145
0.000135
0.000125
0.000115
0.000105
9.5e-05
8.5e-05
7.5e-05
6.5e-05
5.5e-05
4.5e-05
3.5e-05
2.5e-05
1.5e-05
5e-06
0.000995
0.000985
0.000975
0.000965
0.000955
0.000945
0.000935
0.000925
0.000915
0.000905
0.000895
0.000885
0.000875
0.000865
0.000855
0.000845
0.000835
0.000825
0.000815
0.000805
0.000795
0.000785
0.000775
0.000765
0.000755
0.000745
0.000735
0.000725
0.000715
0.000705
0.000695
0.000685
0.000675
0.000665
0.000655
0.000645
0.000635
0.000625
0.000615
0.000605
0.000595
0.000585
0.000575
0.000565
0.000555
0.000545
0.000535
0.000525
0.000515
0.000505
0.000495
0.000485
0.000475
0.000465
0.000455
0.000445
0.000435
0.000425
0.000415
0.000405
0.000395
0.000385
0.000375
0.000365
0.000355
0.000345
0.000335
0.000325
0.000315
0.000305
0.000295
0.000285
0.000275
0.000265
0.000255
0.000245
0.000235
0.000225
0.000215
0.000205
0.000195
0.000185
0.000175
0.000165
0.000155
0.000145
0.000135
0.000125
0.000115
0.000105
9.5e-05
8.5e-05
7.5e-05
6.5e-05
5.5e-05
4.5e-05
3.5e-05
2.5e-05
1.5e-05
5e-06
0.000995
0.000985
0.000975
0.000965
0.000955
0.000945
0.000935
0.000925
0.000915
0.000905
0.000895
0.000885
0.000875
0.000865
0.000855
0.000845
0.000835
0.000825
0.000815
0.000805
0.000795
0.000785
0.000775
0.000765
0.000755
0.000745
0.000735
0.000725
0.000715
0.000705
0.000695
0.000685
0.000675
0.000665
0.000655
0.000645
0.000635
0.000625
0.000615
0.000605
0.000595
0.000585
0.000575
0.000565
0.000555
0.000545
0.000535
0.000525
0.000515
0.000505
0.000495
0.000485
0.000475
0.000465
0.000455
0.000445
0.000435
0.000425
0.000415
0.000405
0.000395
0.000385
0.000375
0.000365
0.000355
0.000345
0.000335
0.000325
0.000315
0.000305
0.000295
0.000285
0.000275
0.000265
0.000255
0.000245
0.000235
0.000225
0.000215
0.000205
0.000195
0.000185
0.000175
0.000165
0.000155
0.000145
0.000135
0.000125
0.000115
0.000105
9.5e-05
8.5e-05
7.5e-05
6.5e-05
5.5e-05
4.5e-05
3.5e-05
2.5e-05
1.5e-05
5e-06
0.000995
0.000985
0.000975
0.000965
0.000955
0.000945
0.000935
0.000925
0.000915
0.000905
0.000895
0.000885
0.000875
0.000865
0.000855
0.000845
0.000835
0.000825
0.000815
0.000805
0.000795
0.000785
0.000775
0.000765
0.000755
0.000745
0.000735
0.000725
0.000715
0.000705
0.000695
0.000685
0.000675
0.000665
0.000655
0.000645
0.000635
0.000625
0.000615
0.000605
0.000595
0.000585
0.000575
0.000565
0.000555
0.000545
0.000535
0.000525
0.000515
0.000505
0.000495
0.000485
0.000475
0.000465
0.000455
0.000445
0.000435
0.000425
0.000415
0.000405
0.000395
0.000385
0.000375
0.000365
0.000355
0.000345
0.000335
0.000325
0.000315
0.000305
0.000295
0.000285
0.000275
0.000265
0.000255
0.000245
0.000235
0.000225
0.000215
0.000205
0.000195
0.000185
0.000175
0.000165
0.000155
0.000145
0.000135
0.000125
0.000115
0.000105
9.5e-05
8.5e-05
7.5e-05
6.5e-05
5.5e-05
4.5e-05
3.5e-05
2.5e-05
1.5e-05
5e-06
0.000995
0.000985
0.000975
0.000965
0.000955
0.000945
0.000935
0.000925
0.000915
0.000905
0.000895
0.000885
0.000875
0.000865
0.000855
0.000845
0.000835
0.000825
0.000815
0.000805
0.000795
0.000785
0.000775
0.000765
0.000755
0.000745
0.000735
0.000725
0.000715
0.000705
0.000695
0.000685
0.000675
0.000665
0.000655
0.000645
0.000635
0.000625
0.000615
0.000605
0.000595
0.000585
0.000575
0.000565
0.000555
0.000545
0.000535
0.000525
0.000515
0.000505
0.000495
0.000485
0.000475
0.000465
0.000455
0.000445
0.000435
0.000425
0.000415
0.000405
0.000395
0.000385
0.000375
0.000365
0.000355
0.000345
0.000335
0.000325
0.000315
0.000305
0.000295
0.000285
0.000275
0.000265
0.000255
0.000245
0.000235
0.000225
0.000215
0.000205
0.000195
0.000185
0.000175
0.000165
0.000155
0.000145
0.000135
0.000125
0.000115
0.000105
9.5e-05
8.5e-05
7.5e-05
6.5e-05
5.5e-05
4.5e-05
3.5e-05
2.5e-05
1.5e-05
5e-06
0.000995
0.000985
0.000975
0.000965
0.000955
0.000945
0.000935
0.000925
0.000915
0.000905
0.000895
0.000885
0.000875
0.000865
0.000855
0.000845
0.000835
0.000825
0.000815
0.000805
0.000795
0.000785
0.000775
0.000765
0.000755
0.000745
0.000735
0.000725
0.000715
0.000705
0.000695
0.000685
0.000675
0.000665
0.000655
0.000645
0.000635
0.000625
0.000615
0.000605
0.000595
0.000585
0.000575
0.000565
0.000555
0.000545
0.000535
0.000525
0.000515
0.000505
0.000495
0.000485
0.000475
0.000465
0.000455
0.000445
0.000435
0.000425
0.000415
0.000405
0.000395
0.000385
0.000375
0.000365
0.000355
0.000345
0.000335
0.000325
0.000315
0.000305
0.000295
0.000285
0.000275
0.000265
0.000255
0.000245
0.000235
0.000225
0.000215
0.000205
0.000195
0.000185
0.000175
0.000165
0.000155
0.000145
0.000135
0.000125
0.000115
0.000105
9.5e-05
8.5e-05
7.5e-05
6.5e-05
5.5e-05
4.5e-05
3.5e-05
2.5e-05
1.5e-05
5e-06
0.000995
0.000985001
0.000975
0.000965
0.000955
0.000945
0.000935
0.000925
0.000915
0.000905
0.000895
0.000885
0.000875
0.000865
0.000855
0.000845
0.000835
0.000825
0.000815
0.000805
0.000795
0.000785
0.000775
0.000765
0.000755
0.000745
0.000735
0.000725
0.000715
0.000705
0.000695
0.000685
0.000675
0.000665
0.000655
0.000645
0.000635
0.000625
0.000615
0.000605
0.000595
0.000585
0.000575
0.000565
0.000555
0.000545
0.000535
0.000525
0.000515
0.000505
0.000495
0.000485
0.000475
0.000465
0.000455
0.000445
0.000435
0.000425
0.000415
0.000405
0.000395
0.000385
0.000375
0.000365
0.000355
0.000345
0.000335
0.000325
0.000315
0.000305
0.000295
0.000285
0.000275
0.000265
0.000255
0.000245
0.000235
0.000225
0.000215
0.000205
0.000195
0.000185
0.000175
0.000165
0.000155
0.000145
0.000135
0.000125
0.000115
0.000105
9.5e-05
8.5e-05
7.5e-05
6.5e-05
5.5e-05
4.5e-05
3.5e-05
2.5e-05
1.5e-05
5e-06
0.000995
0.000985
0.000975
0.000965
0.000955
0.000945
0.000935
0.000925
0.000915
0.000905
0.000895
0.000885
0.000875
0.000865
0.000855
0.000845
0.000835
0.000825
0.000815
0.000805
0.000795
0.000785
0.000775
0.000765
0.000755
0.000745
0.000735
0.000725
0.000715
0.000705
0.000695
0.000685
0.000675
0.000665
0.000655
0.000645
0.000635
0.000625
0.000615
0.000605
0.000595
0.000585
0.000575
0.000565
0.000555
0.000545
0.000535
0.000525
0.000515
0.000505
0.000495
0.000485
0.000475
0.000465
0.000455
0.000445
0.000435
0.000425
0.000415
0.000405
0.000395
0.000385
0.000375
0.000365
0.000355
0.000345
0.000335
0.000325
0.000315
0.000305
0.000295
0.000285
0.000275
0.000265
0.000255
0.000245
0.000235
0.000225
0.000215
0.000205
0.000195
0.000185
0.000175
0.000165
0.000155
0.000145
0.000135
0.000125
0.000115
0.000105
9.5e-05
8.5e-05
7.5e-05
6.5e-05
5.5e-05
4.5e-05
3.5e-05
2.5e-05
1.5e-05
5e-06
0.000995
0.000985001
0.000975
0.000965
0.000955
0.000945
0.000935
0.000925
0.000915
0.000905
0.000895
0.000885
0.000875
0.000865
0.000855
0.000845
0.000835
0.000825
0.000815
0.000805
0.000795
0.000785
0.000775
0.000765
0.000755
0.000745
0.000735
0.000725
0.000715
0.000705
0.000695
0.000685
0.000675
0.000665
0.000655
0.000645
0.000635
0.000625
0.000615
0.000605
0.000595
0.000585
0.000575
0.000565
0.000555
0.000545
0.000535
0.000525
0.000515
0.000505
0.000495
0.000485
0.000475
0.000465
0.000455
0.000445
0.000435
0.000425
0.000415
0.000405
0.000395
0.000385
0.000375
0.000365
0.000355
0.000345
0.000335
0.000325
0.000315
0.000305
0.000295
0.000285
0.000275
0.000265
0.000255
0.000245
0.000235
0.000225
0.000215
0.000205
0.000195
0.000185
0.000175
0.000165
0.000155
0.000145
0.000135
0.000125
0.000115
0.000105
9.5e-05
8.5e-05
7.5e-05
6.5e-05
5.5e-05
4.5e-05
3.5e-05
2.5e-05
1.5e-05
5e-06
0.000995
0.000985
0.000975
0.000965
0.000955
0.000945
0.000935
0.000925
0.000915
0.000905
0.000895
0.000885
0.000875
0.000865
0.000855
0.000845
0.000835
0.000825
0.000815
0.000805
0.000795
0.000785
0.000775
0.000765
0.000755
0.000745
0.000735
0.000725
0.000715
0.000705
0.000695
0.000685
0.000675
0.000665
0.000655
0.000645
0.000635
0.000625
0.000615
0.000605
0.000595
0.000585
0.000575
0.000565
0.000555
0.000545
0.000535
0.000525
0.000515
0.000505
0.000495
0.000485
0.000475
0.000465
0.000455
0.000445
0.000435
0.000425
0.000415
0.000405
0.000395
0.000385
0.000375
0.000365
0.000355
0.000345
0.000335
0.000325
0.000315
0.000305
0.000295
0.000285
0.000275
0.000265
0.000255
0.000245
0.000235
0.000225
0.000215
0.000205
0.000195
0.000185
0.000175
0.000165
0.000155
0.000145
0.000135
0.000125
0.000115
0.000105
9.5e-05
8.5e-05
7.5e-05
6.5e-05
5.5e-05
4.5e-05
3.5e-05
2.5e-05
1.5e-05
5e-06
0.000995
0.000985
0.000975
0.000965
0.000955
0.000945
0.000935
0.000925
0.000915
0.000905
0.000895
0.000885
0.000875
0.000865
0.000855
0.000845
0.000835
0.000825
0.000815
0.000805
0.000795
0.000785
0.000775
0.000765
0.000755
0.000745
0.000735
0.000725
0.000715
0.000705
0.000695
0.000685
0.000675
0.000665
0.000655
0.000645
0.000635
0.000625
0.000615
0.000605
0.000595
0.000585
0.000575
0.000565
0.000555
0.000545
0.000535
0.000525
0.000515
0.000505
0.000495
0.000485
0.000475
0.000465
0.000455
0.000445
0.000435
0.000425
0.000415
0.000405
0.000395
0.000385
0.000375
0.000365
0.000355
0.000345
0.000335
0.000325
0.000315
0.000305
0.000295
0.000285
0.000275
0.000265
0.000255
0.000245
0.000235
0.000225
0.000215
0.000205
0.000195
0.000185
0.000175
0.000165
0.000155
0.000145
0.000135
0.000125
0.000115
0.000105
9.5e-05
8.5e-05
7.5e-05
6.5e-05
5.5e-05
4.5e-05
3.5e-05
2.5e-05
1.5e-05
5e-06
0.000995
0.000985
0.000975
0.000965
0.000955
0.000945
0.000935
0.000925
0.000915
0.000905
0.000895
0.000885
0.000875
0.000865
0.000855
0.000845
0.000835
0.000825
0.000815
0.000805
0.000795
0.000785
0.000775
0.000765
0.000755
0.000745
0.000735
0.000725
0.000715
0.000705
0.000695
0.000685
0.000675
0.000665
0.000655
0.000645
0.000635
0.000625
0.000615
0.000605
0.000595
0.000585
0.000575
0.000565
0.000555
0.000545
0.000535
0.000525
0.000515
0.000505
0.000495
0.000485
0.000475
0.000465
0.000455
0.000445
0.000435
0.000425
0.000415
0.000405
0.000395
0.000385
0.000375
0.000365
0.000355
0.000345
0.000335
0.000325
0.000315
0.000305
0.000295
0.000285
0.000275
0.000265
0.000255
0.000245
0.000235
0.000225
0.000215
0.000205
0.000195
0.000185
0.000175
0.000165
0.000155
0.000145
0.000135
0.000125
0.000115
0.000105
9.5e-05
8.5e-05
7.5e-05
6.5e-05
5.5e-05
4.5e-05
3.5e-05
2.5e-05
1.5e-05
5e-06
0.000995
0.000985
0.000975
0.000965
0.000955
0.000945
0.000935
0.000925
0.000915
0.000905
0.000895
0.000885
0.000875
0.000865
0.000855
0.000845
0.000835
0.000825
0.000815
0.000805
0.000795
0.000785
0.000775
0.000765
0.000755
0.000745
0.000735
0.000725
0.000715
0.000705
0.000695
0.000685
0.000675
0.000665
0.000655
0.000645
0.000635
0.000625
0.000615
0.000605
0.000595
0.000585
0.000575
0.000565
0.000555
0.000545
0.000535
0.000525
0.000515
0.000505
0.000495
0.000485
0.000475
0.000465
0.000455
0.000445
0.000435
0.000425
0.000415
0.000405
0.000395
0.000385
0.000375
0.000365
0.000355
0.000345
0.000335
0.000325
0.000315
0.000305
0.000295
0.000285
0.000275
0.000265
0.000255
0.000245
0.000235
0.000225
0.000215
0.000205
0.000195
0.000185
0.000175
0.000165
0.000155
0.000145
0.000135
0.000125
0.000115
0.000105
9.5e-05
8.5e-05
7.5e-05
6.5e-05
5.5e-05
4.5e-05
3.5e-05
2.5e-05
1.5e-05
5e-06
0.000995
0.000985
0.000975
0.000965
0.000955
0.000945
0.000935
0.000925
0.000915
0.000905
0.000895
0.000885
0.000875
0.000865
0.000855
0.000845
0.000835
0.000825
0.000815
0.000805
0.000795
0.000785
0.000775
0.000765
0.000755
0.000745
0.000735
0.000725
0.000715
0.000705
0.000695
0.000685
0.000675
0.000665
0.000655
0.000645
0.000635
0.000625
0.000615
0.000605
0.000595
0.000585
0.000575
0.000565
0.000555
0.000545
0.000535
0.000525
0.000515
0.000505
0.000495
0.000485
0.000475
0.000465
0.000455
0.000445
0.000435
0.000425
0.000415
0.000405
0.000395
0.000385
0.000375
0.000365
0.000355
0.000345
0.000335
0.000325
0.000315
0.000305
0.000295
0.000285
0.000275
0.000265
0.000255
0.000245
0.000235
0.000225
0.000215
0.000205
0.000195
0.000185
0.000175
0.000165
0.000155
0.000145
0.000135
0.000125
0.000115
0.000105
9.5e-05
8.5e-05
7.5e-05
6.5e-05
5.5e-05
4.5e-05
3.5e-05
2.5e-05
1.5e-05
5e-06
0.000995
0.000985
0.000975
0.000965
0.000955
0.000945
0.000935
0.000925
0.000915
0.000905
0.000895
0.000885
0.000875
0.000865
0.000855
0.000845
0.000835
0.000825
0.000815
0.000805
0.000795
0.000785
0.000775
0.000765
0.000755
0.000745
0.000735
0.000725
0.000715
0.000705
0.000695
0.000685
0.000675
0.000665
0.000655
0.000645
0.000635
0.000625
0.000615
0.000605
0.000595
0.000585
0.000575
0.000565
0.000555
0.000545
0.000535
0.000525
0.000515
0.000505
0.000495
0.000485
0.000475
0.000465
0.000455
0.000445
0.000435
0.000425
0.000415
0.000405
0.000395
0.000385
0.000375
0.000365
0.000355
0.000345
0.000335
0.000325
0.000315
0.000305
0.000295
0.000285
0.000275
0.000265
0.000255
0.000245
0.000235
0.000225
0.000215
0.000205
0.000195
0.000185
0.000175
0.000165
0.000155
0.000145
0.000135
0.000125
0.000115
0.000105
9.5e-05
8.5e-05
7.5e-05
6.5e-05
5.5e-05
4.5e-05
3.5e-05
2.5e-05
1.5e-05
5e-06
0.000995
0.000985
0.000975
0.000965
0.000955
0.000945
0.000935
0.000925
0.000915
0.000905
0.000895
0.000885
0.000875
0.000865
0.000855
0.000845
0.000835
0.000825
0.000815
0.000805
0.000795
0.000785
0.000775
0.000765
0.000755
0.000745
0.000735
0.000725
0.000715
0.000705
0.000695
0.000685
0.000675
0.000665
0.000655
0.000645
0.000635
0.000625
0.000615
0.000605
0.000595
0.000585
0.000575
0.000565
0.000555
0.000545
0.000535
0.000525
0.000515
0.000505
0.000495
0.000485
0.000475
0.000465
0.000455
0.000445
0.000435
0.000425
0.000415
0.000405
0.000395
0.000385
0.000375
0.000365
0.000355
0.000345
0.000335
0.000325
0.000315
0.000305
0.000295
0.000285
0.000275
0.000265
0.000255
0.000245
0.000235
0.000225
0.000215
0.000205
0.000195
0.000185
0.000175
0.000165
0.000155
0.000145
0.000135
0.000125
0.000115
0.000105
9.5e-05
8.5e-05
7.5e-05
6.5e-05
5.5e-05
4.5e-05
3.5e-05
2.5e-05
1.5e-05
5e-06
0.000995
0.000985
0.000975
0.000965
0.000955
0.000945
0.000935
0.000925
0.000915
0.000905
0.000895
0.000885
0.000875
0.000865
0.000855
0.000845
0.000835
0.000825
0.000815
0.000805
0.000795
0.000785
0.000775
0.000765
0.000755
0.000745
0.000735
0.000725
0.000715
0.000705
0.000695
0.000685
0.000675
0.000665
0.000655
0.000645
0.000635
0.000625
0.000615
0.000605
0.000595
0.000585
0.000575
0.000565
0.000555
0.000545
0.000535
0.000525
0.000515
0.000505
0.000495
0.000485
0.000475
0.000465
0.000455
0.000445
0.000435
0.000425
0.000415
0.000405
0.000395
0.000385
0.000375
0.000365
0.000355
0.000345
0.000335
0.000325
0.000315
0.000305
0.000295
0.000285
0.000275
0.000265
0.000255
0.000245
0.000235
0.000225
0.000215
0.000205
0.000195
0.000185
0.000175
0.000165
0.000155
0.000145
0.000135
0.000125
0.000115
0.000105
9.5e-05
8.5e-05
7.5e-05
6.5e-05
5.5e-05
4.5e-05
3.5e-05
2.5e-05
1.5e-05
5e-06
0.000995
0.000985
0.000975
0.000965
0.000955
0.000945
0.000935
0.000925
0.000915
0.000905
0.000895
0.000885
0.000875
0.000865
0.000855
0.000845
0.000835
0.000825
0.000815
0.000805
0.000795
0.000785
0.000775
0.000765
0.000755
0.000745
0.000735
0.000725
0.000715
0.000705
0.000695
0.000685
0.000675
0.000665
0.000655
0.000645
0.000635
0.000625
0.000615
0.000605
0.000595
0.000585
0.000575
0.000565
0.000555
0.000545
0.000535
0.000525
0.000515
0.000505
0.000495
0.000485
0.000475
0.000465
0.000455
0.000445
0.000435
0.000425
0.000415
0.000405
0.000395
0.000385
0.000375
0.000365
0.000355
0.000345
0.000335
0.000325
0.000315
0.000305
0.000295
0.000285
0.000275
0.000265
0.000255
0.000245
0.000235
0.000225
0.000215
0.000205
0.000195
0.000185
0.000175
0.000165
0.000155
0.000145
0.000135
0.000125
0.000115
0.000105
9.5e-05
8.5e-05
7.5e-05
6.5e-05
5.5e-05
4.5e-05
3.5e-05
2.5e-05
1.5e-05
5e-06
0.000995
0.000985
0.000975
0.000965
0.000955
0.000945
0.000935
0.000925
0.000915
0.000905
0.000895
0.000885
0.000875
0.000865
0.000855
0.000845
0.000835
0.000825
0.000815
0.000805
0.000795
0.000785
0.000775
0.000765
0.000755
0.000745
0.000735
0.000725
0.000715
0.000705
0.000695
0.000685
0.000675
0.000665
0.000655
0.000645
0.000635
0.000625
0.000615
0.000605
0.000595
0.000585
0.000575
0.000565
0.000555
0.000545
0.000535
0.000525
0.000515
0.000505
0.000495
0.000485
0.000475
0.000465
0.000455
0.000445
0.000435
0.000425
0.000415
0.000405
0.000395
0.000385
0.000375
0.000365
0.000355
0.000345
0.000335
0.000325
0.000315
0.000305
0.000295
0.000285
0.000275
0.000265
0.000255
0.000245
0.000235
0.000225
0.000215
0.000205
0.000195
0.000185
0.000175
0.000165
0.000155
0.000145
0.000135
0.000125
0.000115
0.000105
9.5e-05
8.5e-05
7.5e-05
6.5e-05
5.5e-05
4.5e-05
3.5e-05
2.5e-05
1.5e-05
5e-06
0.000995
0.000985
0.000975
0.000965
0.000955
0.000945
0.000935
0.000925
0.000915
0.000905
0.000895
0.000885
0.000875
0.000865
0.000855
0.000845
0.000835
0.000825
0.000815
0.000805
0.000795
0.000785
0.000775
0.000765
0.000755
0.000745
0.000735
0.000725
0.000715
0.000705
0.000695
0.000685
0.000675
0.000665
0.000655
0.000645
0.000635
0.000625
0.000615
0.000605
0.000595
0.000585
0.000575
0.000565
0.000555
0.000545
0.000535
0.000525
0.000515
0.000505
0.000495
0.000485
0.000475
0.000465
0.000455
0.000445
0.000435
0.000425
0.000415
0.000405
0.000395
0.000385
0.000375
0.000365
0.000355
0.000345
0.000335
0.000325
0.000315
0.000305
0.000295
0.000285
0.000275
0.000265
0.000255
0.000245
0.000235
0.000225
0.000215
0.000205
0.000195
0.000185
0.000175
0.000165
0.000155
0.000145
0.000135
0.000125
0.000115
0.000105
9.5e-05
8.5e-05
7.5e-05
6.5e-05
5.5e-05
4.5e-05
3.5e-05
2.5e-05
1.5e-05
5e-06
0.000995
0.000985
0.000975
0.000965
0.000955
0.000945
0.000935
0.000925
0.000915
0.000905
0.000895
0.000885
0.000875
0.000865
0.000855
0.000845
0.000835
0.000825
0.000815
0.000805
0.000795
0.000785
0.000775
0.000765
0.000755
0.000745
0.000735
0.000725
0.000715
0.000705
0.000695
0.000685
0.000675
0.000665
0.000655
0.000645
0.000635
0.000625
0.000615
0.000605
0.000595
0.000585
0.000575
0.000565
0.000555
0.000545
0.000535
0.000525
0.000515
0.000505
0.000495
0.000485
0.000475
0.000465
0.000455
0.000445
0.000435
0.000425
0.000415
0.000405
0.000395
0.000385
0.000375
0.000365
0.000355
0.000345
0.000335
0.000325
0.000315
0.000305
0.000295
0.000285
0.000275
0.000265
0.000255
0.000245
0.000235
0.000225
0.000215
0.000205
0.000195
0.000185
0.000175
0.000165
0.000155
0.000145
0.000135
0.000125
0.000115
0.000105
9.5e-05
8.5e-05
7.5e-05
6.5e-05
5.5e-05
4.5e-05
3.5e-05
2.5e-05
1.5e-05
5e-06
0.000995
0.000985
0.000975
0.000965
0.000955
0.000945
0.000935
0.000925
0.000915
0.000905
0.000895
0.000885
0.000875
0.000865
0.000855
0.000845
0.000835
0.000825
0.000815
0.000805
0.000795
0.000785
0.000775
0.000765
0.000755
0.000745
0.000735
0.000725
0.000715
0.000705
0.000695
0.000685
0.000675
0.000665
0.000655
0.000645
0.000635
0.000625
0.000615
0.000605
0.000595
0.000585
0.000575
0.000565
0.000555
0.000545
0.000535
0.000525
0.000515
0.000505
0.000495
0.000485
0.000475
0.000465
0.000455
0.000445
0.000435
0.000425
0.000415
0.000405
0.000395
0.000385
0.000375
0.000365
0.000355
0.000345
0.000335
0.000325
0.000315
0.000305
0.000295
0.000285
0.000275
0.000265
0.000255
0.000245
0.000235
0.000225
0.000215
0.000205
0.000195
0.000185
0.000175
0.000165
0.000155
0.000145
0.000135
0.000125
0.000115
0.000105
9.5e-05
8.5e-05
7.5e-05
6.5e-05
5.5e-05
4.5e-05
3.5e-05
2.5e-05
1.5e-05
5e-06
0.000995
0.000985
0.000975
0.000965
0.000955
0.000945
0.000935
0.000925
0.000915
0.000905
0.000895
0.000885
0.000875
0.000865
0.000855
0.000845
0.000835
0.000825
0.000815
0.000805
0.000795
0.000785
0.000775
0.000765
0.000755
0.000745
0.000735
0.000725
0.000715
0.000705
0.000695
0.000685
0.000675
0.000665
0.000655
0.000645
0.000635
0.000625
0.000615
0.000605
0.000595
0.000585
0.000575
0.000565
0.000555
0.000545
0.000535
0.000525
0.000515
0.000505
0.000495
0.000485
0.000475
0.000465
0.000455
0.000445
0.000435
0.000425
0.000415
0.000405
0.000395
0.000385
0.000375
0.000365
0.000355
0.000345
0.000335
0.000325
0.000315
0.000305
0.000295
0.000285
0.000275
0.000265
0.000255
0.000245
0.000235
0.000225
0.000215
0.000205
0.000195
0.000185
0.000175
0.000165
0.000155
0.000145
0.000135
0.000125
0.000115
0.000105
9.5e-05
8.5e-05
7.5e-05
6.5e-05
5.5e-05
4.5e-05
3.5e-05
2.5e-05
1.5e-05
5e-06
0.000995
0.000985
0.000975
0.000965
0.000955
0.000945
0.000935
0.000925
0.000915
0.000905
0.000895
0.000885
0.000875
0.000865
0.000855
0.000845
0.000835
0.000825
0.000815
0.000805
0.000795
0.000785
0.000775
0.000765
0.000755
0.000745
0.000735
0.000725
0.000715
0.000705
0.000695
0.000685
0.000675
0.000665
0.000655
0.000645
0.000635
0.000625
0.000615
0.000605
0.000595
0.000585
0.000575
0.000565
0.000555
0.000545
0.000535
0.000525
0.000515
0.000505
0.000495
0.000485
0.000475
0.000465
0.000455
0.000445
0.000435
0.000425
0.000415
0.000405
0.000395
0.000385
0.000375
0.000365
0.000355
0.000345
0.000335
0.000325
0.000315
0.000305
0.000295
0.000285
0.000275
0.000265
0.000255
0.000245
0.000235
0.000225
0.000215
0.000205
0.000195
0.000185
0.000175
0.000165
0.000155
0.000145
0.000135
0.000125
0.000115
0.000105
9.5e-05
8.5e-05
7.5e-05
6.5e-05
5.5e-05
4.5e-05
3.5e-05
2.5e-05
1.5e-05
5e-06
0.000995
0.000985
0.000975
0.000965
0.000955
0.000945
0.000935
0.000925
0.000915
0.000905
0.000895
0.000885
0.000875
0.000865
0.000855
0.000845
0.000835
0.000825
0.000815
0.000805
0.000795
0.000785
0.000775
0.000765
0.000755
0.000745
0.000735
0.000725
0.000715
0.000705
0.000695
0.000685
0.000675
0.000665
0.000655
0.000645
0.000635
0.000625
0.000615
0.000605
0.000595
0.000585
0.000575
0.000565
0.000555
0.000545
0.000535
0.000525
0.000515
0.000505
0.000495
0.000485
0.000475
0.000465
0.000455
0.000445
0.000435
0.000425
0.000415
0.000405
0.000395
0.000385
0.000375
0.000365
0.000355
0.000345
0.000335
0.000325
0.000315
0.000305
0.000295
0.000285
0.000275
0.000265
0.000255
0.000245
0.000235
0.000225
0.000215
0.000205
0.000195
0.000185
0.000175
0.000165
0.000155
0.000145
0.000135
0.000125
0.000115
0.000105
9.5e-05
8.5e-05
7.5e-05
6.5e-05
5.5e-05
4.5e-05
3.5e-05
2.5e-05
1.5e-05
5e-06
0.000995
0.000985
0.000975
0.000965
0.000955
0.000945
0.000935
0.000925
0.000915
0.000905
0.000895
0.000885
0.000875
0.000865
0.000855
0.000845
0.000835
0.000825
0.000815
0.000805
0.000795
0.000785
0.000775
0.000765
0.000755
0.000745
0.000735
0.000725
0.000715
0.000705
0.000695
0.000685
0.000675
0.000665
0.000655
0.000645
0.000635
0.000625
0.000615
0.000605
0.000595
0.000585
0.000575
0.000565
0.000555
0.000545
0.000535
0.000525
0.000515
0.000505
0.000495
0.000485
0.000475
0.000465
0.000455
0.000445
0.000435
0.000425
0.000415
0.000405
0.000395
0.000385
0.000375
0.000365
0.000355
0.000345
0.000335
0.000325
0.000315
0.000305
0.000295
0.000285
0.000275
0.000265
0.000255
0.000245
0.000235
0.000225
0.000215
0.000205
0.000195
0.000185
0.000175
0.000165
0.000155
0.000145
0.000135
0.000125
0.000115
0.000105
9.5e-05
8.5e-05
7.5e-05
6.5e-05
5.5e-05
4.5e-05
3.5e-05
2.5e-05
1.5e-05
5e-06
0.000995
0.000985
0.000975
0.000965
0.000955
0.000945
0.000935
0.000925
0.000915
0.000905
0.000895
0.000885
0.000875
0.000865
0.000855
0.000845
0.000835
0.000825
0.000815
0.000805
0.000795
0.000785
0.000775
0.000765
0.000755
0.000745
0.000735
0.000725
0.000715
0.000705
0.000695
0.000685
0.000675
0.000665
0.000655
0.000645
0.000635
0.000625
0.000615
0.000605
0.000595
0.000585
0.000575
0.000565
0.000555
0.000545
0.000535
0.000525
0.000515
0.000505
0.000495
0.000485
0.000475
0.000465
0.000455
0.000445
0.000435
0.000425
0.000415
0.000405
0.000395
0.000385
0.000375
0.000365
0.000355
0.000345
0.000335
0.000325
0.000315
0.000305
0.000295
0.000285
0.000275
0.000265
0.000255
0.000245
0.000235
0.000225
0.000215
0.000205
0.000195
0.000185
0.000175
0.000165
0.000155
0.000145
0.000135
0.000125
0.000115
0.000105
9.5e-05
8.5e-05
7.5e-05
6.5e-05
5.5e-05
4.5e-05
3.5e-05
2.5e-05
1.5e-05
5e-06
0.000995
0.000985
0.000975
0.000965
0.000955
0.000945
0.000935
0.000925
0.000915
0.000905
0.000895
0.000885
0.000875
0.000865
0.000855
0.000845
0.000835
0.000825
0.000815
0.000805
0.000795
0.000785
0.000775
0.000765
0.000755
0.000745
0.000735
0.000725
0.000715
0.000705
0.000695
0.000685
0.000675
0.000665
0.000655
0.000645
0.000635
0.000625
0.000615
0.000605
0.000595
0.000585
0.000575
0.000565
0.000555
0.000545
0.000535
0.000525
0.000515
0.000505
0.000495
0.000485
0.000475
0.000465
0.000455
0.000445
0.000435
0.000425
0.000415
0.000405
0.000395
0.000385
0.000375
0.000365
0.000355
0.000345
0.000335
0.000325
0.000315
0.000305
0.000295
0.000285
0.000275
0.000265
0.000255
0.000245
0.000235
0.000225
0.000215
0.000205
0.000195
0.000185
0.000175
0.000165
0.000155
0.000145
0.000135
0.000125
0.000115
0.000105
9.5e-05
8.5e-05
7.5e-05
6.5e-05
5.5e-05
4.5e-05
3.5e-05
2.5e-05
1.5e-05
5e-06
0.000995
0.000985
0.000975
0.000965
0.000955
0.000945
0.000935
0.000925
0.000915
0.000905
0.000895
0.000885
0.000875
0.000865
0.000855
0.000845
0.000835
0.000825
0.000815
0.000805
0.000795
0.000785
0.000775
0.000765
0.000755
0.000745
0.000735
0.000725
0.000715
0.000705
0.000695
0.000685
0.000675
0.000665
0.000655
0.000645
0.000635
0.000625
0.000615
0.000605
0.000595
0.000585
0.000575
0.000565
0.000555
0.000545
0.000535
0.000525
0.000515
0.000505
0.000495
0.000485
0.000475
0.000465
0.000455
0.000445
0.000435
0.000425
0.000415
0.000405
0.000395
0.000385
0.000375
0.000365
0.000355
0.000345
0.000335
0.000325
0.000315
0.000305
0.000295
0.000285
0.000275
0.000265
0.000255
0.000245
0.000235
0.000225
0.000215
0.000205
0.000195
0.000185
0.000175
0.000165
0.000155
0.000145
0.000135
0.000125
0.000115
0.000105
9.5e-05
8.5e-05
7.5e-05
6.5e-05
5.5e-05
4.5e-05
3.5e-05
2.5e-05
1.5e-05
5e-06
0.000995
0.000985
0.000975
0.000965
0.000955
0.000945
0.000935
0.000925
0.000915
0.000905
0.000895
0.000885
0.000875
0.000865
0.000855
0.000845
0.000835
0.000825
0.000815
0.000805
0.000795
0.000785
0.000775
0.000765
0.000755
0.000745
0.000735
0.000725
0.000715
0.000705
0.000695
0.000685
0.000675
0.000665
0.000655
0.000645
0.000635
0.000625
0.000615
0.000605
0.000595
0.000585
0.000575
0.000565
0.000555
0.000545
0.000535
0.000525
0.000515
0.000505
0.000495
0.000485
0.000475
0.000465
0.000455
0.000445
0.000435
0.000425
0.000415
0.000405
0.000395
0.000385
0.000375
0.000365
0.000355
0.000345
0.000335
0.000325
0.000315
0.000305
0.000295
0.000285
0.000275
0.000265
0.000255
0.000245
0.000235
0.000225
0.000215
0.000205
0.000195
0.000185
0.000175
0.000165
0.000155
0.000145
0.000135
0.000125
0.000115
0.000105
9.5e-05
8.5e-05
7.5e-05
6.5e-05
5.5e-05
4.5e-05
3.5e-05
2.5e-05
1.5e-05
5e-06
0.000995
0.000985
0.000975
0.000965
0.000955
0.000945
0.000935
0.000925
0.000915
0.000905
0.000895
0.000885
0.000875
0.000865
0.000855
0.000845
0.000835
0.000825
0.000815
0.000805
0.000795
0.000785
0.000775
0.000765
0.000755
0.000745
0.000735
0.000725
0.000715
0.000705
0.000695
0.000685
0.000675
0.000665
0.000655
0.000645
0.000635
0.000625
0.000615
0.000605
0.000595
0.000585
0.000575
0.000565
0.000555
0.000545
0.000535
0.000525
0.000515
0.000505
0.000495
0.000485
0.000475
0.000465
0.000455
0.000445
0.000435
0.000425
0.000415
0.000405
0.000395
0.000385
0.000375
0.000365
0.000355
0.000345
0.000335
0.000325
0.000315
0.000305
0.000295
0.000285
0.000275
0.000265
0.000255
0.000245
0.000235
0.000225
0.000215
0.000205
0.000195
0.000185
0.000175
0.000165
0.000155
0.000145
0.000135
0.000125
0.000115
0.000105
9.5e-05
8.5e-05
7.5e-05
6.5e-05
5.5e-05
4.5e-05
3.5e-05
2.5e-05
1.5e-05
5e-06
0.000995
0.000985
0.000975
0.000965
0.000955
0.000945
0.000935
0.000925
0.000915
0.000905
0.000895
0.000885
0.000875
0.000865
0.000855
0.000845
0.000835
0.000825
0.000815
0.000805
0.000795
0.000785
0.000775
0.000765
0.000755
0.000745
0.000735
0.000725
0.000715
0.000705
0.000695
0.000685
0.000675
0.000665
0.000655
0.000645
0.000635
0.000625
0.000615
0.000605
0.000595
0.000585
0.000575
0.000565
0.000555
0.000545
0.000535
0.000525
0.000515
0.000505
0.000495
0.000485
0.000475
0.000465
0.000455
0.000445
0.000435
0.000425
0.000415
0.000405
0.000395
0.000385
0.000375
0.000365
0.000355
0.000345
0.000335
0.000325
0.000315
0.000305
0.000295
0.000285
0.000275
0.000265
0.000255
0.000245
0.000235
0.000225
0.000215
0.000205
0.000195
0.000185
0.000175
0.000165
0.000155
0.000145
0.000135
0.000125
0.000115
0.000105
9.5e-05
8.5e-05
7.5e-05
6.5e-05
5.5e-05
4.5e-05
3.5e-05
2.5e-05
1.5e-05
5e-06
0.000995
0.000985
0.000975
0.000965
0.000955
0.000945
0.000935
0.000925
0.000915
0.000905
0.000895
0.000885
0.000875
0.000865
0.000855
0.000845
0.000835
0.000825
0.000815
0.000805
0.000795
0.000785
0.000775
0.000765
0.000755
0.000745
0.000735
0.000725
0.000715
0.000705
0.000695
0.000685
0.000675
0.000665
0.000655
0.000645
0.000635
0.000625
0.000615
0.000605
0.000595
0.000585
0.000575
0.000565
0.000555
0.000545
0.000535
0.000525
0.000515
0.000505
0.000495
0.000485
0.000475
0.000465
0.000455
0.000445
0.000435
0.000425
0.000415
0.000405
0.000395
0.000385
0.000375
0.000365
0.000355
0.000345
0.000335
0.000325
0.000315
0.000305
0.000295
0.000285
0.000275
0.000265
0.000255
0.000245
0.000235
0.000225
0.000215
0.000205
0.000195
0.000185
0.000175
0.000165
0.000155
0.000145
0.000135
0.000125
0.000115
0.000105
9.5e-05
8.5e-05
7.5e-05
6.5e-05
5.5e-05
4.5e-05
3.5e-05
2.5e-05
1.5e-05
5e-06
)
;

boundaryField
{
    inlet
    {
        type            fixedValue;
        value           uniform 0.001;
    }
    outlet
    {
        type            fixedValue;
        value           uniform 0;
    }
    solids
    {
        type            zeroGradient;
    }
}


// ************************************************************************* //
