/*--------------------------------*- C++ -*----------------------------------*\
| =========                 |                                                 |
| \\      /  F ield         | OpenFOAM: The Open Source CFD Toolbox           |
|  \\    /   O peration     | Version:  2412                                  |
|   \\  /    A nd           | Website:  www.openfoam.com                      |
|    \\/     M anipulation  |                                                 |
\*---------------------------------------------------------------------------*/
FoamFile
{
    version     2.0;
    format      ascii;
    arch        "LSB;label=32;scalar=64";
    class       volScalarField;
    location    "100";
    object      p;
}
// * * * * * * * * * * * * * * * * * * * * * * * * * * * * * * * * * * * * * //

dimensions      [0 2 -2 0 0 0 0];

internalField   nonuniform List<scalar> 
3700
(
0.000995
0.000985001
0.000975
0.000965001
0.000955001
0.000945001
0.000935001
0.000925001
0.000915001
0.000905001
0.000895001
0.000885001
0.000875001
0.000865001
0.000855001
0.000845001
0.000835001
0.000825001
0.000815001
0.000805001
0.000795001
0.000785001
0.000775001
0.000765001
0.000755001
0.000745001
0.000735001
0.000725001
0.000715001
0.000705001
0.000695001
0.000685001
0.000675001
0.000665001
0.000655001
0.000645001
0.000635001
0.000625001
0.000615001
0.000605001
0.000595001
0.000585001
0.000575001
0.000565001
0.000555001
0.000545001
0.000535001
0.000525001
0.000515001
0.000505001
0.000495001
0.000485001
0.000475001
0.000465001
0.000455001
0.000445001
0.000435001
0.000425001
0.000415001
0.000405001
0.000395001
0.000385001
0.000375001
0.000365001
0.000355001
0.000345001
0.000335001
0.000325001
0.000315001
0.000305001
0.000295001
0.000285
0.000275
0.000265
0.000255
0.000245
0.000235
0.000225
0.000215
0.000205
0.000195
0.000185
0.000175
0.000165
0.000155
0.000145
0.000135
0.000125
0.000115
0.000105
9.50002e-05
8.50001e-05
7.50001e-05
6.50001e-05
5.50001e-05
4.50001e-05
3.50001e-05
2.5e-05
1.5e-05
5.00001e-06
0.000995
0.000985001
0.000975
0.000965001
0.000955001
0.000945001
0.000935001
0.000925001
0.000915001
0.000905001
0.000895001
0.000885001
0.000875001
0.000865001
0.000855001
0.000845001
0.000835001
0.000825001
0.000815001
0.000805001
0.000795001
0.000785001
0.000775001
0.000765001
0.000755001
0.000745001
0.000735001
0.000725001
0.000715001
0.000705001
0.000695001
0.000685001
0.000675001
0.000665001
0.000655001
0.000645001
0.000635001
0.000625001
0.000615001
0.000605001
0.000595001
0.000585001
0.000575001
0.000565001
0.000555001
0.000545001
0.000535001
0.000525001
0.000515001
0.000505001
0.000495001
0.000485001
0.000475001
0.000465001
0.000455001
0.000445001
0.000435001
0.000425001
0.000415001
0.000405001
0.000395001
0.000385001
0.000375001
0.000365001
0.000355001
0.000345001
0.000335001
0.000325001
0.000315001
0.000305001
0.000295001
0.000285
0.000275
0.000265
0.000255
0.000245
0.000235
0.000225
0.000215
0.000205
0.000195
0.000185
0.000175
0.000165
0.000155
0.000145
0.000135
0.000125
0.000115
0.000105
9.50002e-05
8.50001e-05
7.50001e-05
6.50001e-05
5.50001e-05
4.50001e-05
3.50001e-05
2.5e-05
1.5e-05
5.00001e-06
0.000995
0.000985001
0.000975
0.000965001
0.000955001
0.000945001
0.000935001
0.000925001
0.000915001
0.000905001
0.000895001
0.000885001
0.000875001
0.000865001
0.000855001
0.000845001
0.000835001
0.000825001
0.000815001
0.000805001
0.000795001
0.000785001
0.000775001
0.000765001
0.000755001
0.000745001
0.000735001
0.000725001
0.000715001
0.000705001
0.000695001
0.000685001
0.000675001
0.000665001
0.000655001
0.000645001
0.000635001
0.000625001
0.000615001
0.000605001
0.000595001
0.000585001
0.000575001
0.000565001
0.000555001
0.000545001
0.000535001
0.000525001
0.000515001
0.000505001
0.000495001
0.000485001
0.000475001
0.000465001
0.000455001
0.000445001
0.000435001
0.000425001
0.000415001
0.000405001
0.000395001
0.000385001
0.000375001
0.000365001
0.000355001
0.000345001
0.000335001
0.000325001
0.000315001
0.000305001
0.000295001
0.000285
0.000275
0.000265
0.000255
0.000245
0.000235
0.000225
0.000215
0.000205
0.000195
0.000185
0.000175
0.000165
0.000155
0.000145
0.000135
0.000125
0.000115
0.000105
9.50002e-05
8.50001e-05
7.50001e-05
6.50001e-05
5.50001e-05
4.50001e-05
3.50001e-05
2.5e-05
1.5e-05
5.00001e-06
0.000995
0.000985001
0.000975
0.000965001
0.000955001
0.000945001
0.000935001
0.000925001
0.000915001
0.000905001
0.000895001
0.000885001
0.000875001
0.000865001
0.000855001
0.000845001
0.000835001
0.000825001
0.000815001
0.000805001
0.000795001
0.000785001
0.000775001
0.000765001
0.000755001
0.000745001
0.000735001
0.000725001
0.000715001
0.000705001
0.000695001
0.000685001
0.000675001
0.000665001
0.000655001
0.000645001
0.000635001
0.000625001
0.000615001
0.000605001
0.000595001
0.000585001
0.000575001
0.000565001
0.000555001
0.000545001
0.000535001
0.000525001
0.000515001
0.000505001
0.000495001
0.000485001
0.000475001
0.000465001
0.000455001
0.000445001
0.000435001
0.000425001
0.000415001
0.000405001
0.000395001
0.000385001
0.000375001
0.000365001
0.000355001
0.000345001
0.000335001
0.000325001
0.000315001
0.000305001
0.000295001
0.000285
0.000275
0.000265
0.000255
0.000245
0.000235
0.000225
0.000215
0.000205
0.000195
0.000185
0.000175
0.000165
0.000155
0.000145
0.000135
0.000125
0.000115
0.000105
9.50002e-05
8.50001e-05
7.50001e-05
6.50001e-05
5.50001e-05
4.50001e-05
3.50001e-05
2.5e-05
1.5e-05
5.00001e-06
0.000994998
0.000985002
0.000975
0.000965001
0.000955001
0.000945001
0.000935001
0.000925001
0.000915001
0.000905001
0.000895001
0.000885001
0.000875001
0.000865001
0.000855001
0.000845001
0.000835001
0.000825001
0.000815001
0.000805001
0.000795001
0.000785001
0.000775001
0.000765001
0.000755001
0.000745001
0.000735001
0.000725001
0.000715001
0.000705001
0.000695001
0.000685001
0.000675001
0.000665001
0.000655001
0.000645001
0.000635001
0.000625001
0.000615001
0.000605001
0.000595001
0.000585001
0.000575001
0.000565001
0.000555001
0.000545001
0.000535001
0.000525001
0.000515001
0.000505001
0.000495001
0.000485001
0.000475001
0.000465001
0.000455001
0.000445001
0.000435001
0.000425001
0.000415001
0.000405001
0.000395001
0.000385001
0.000375001
0.000365001
0.000355001
0.000345001
0.000335001
0.000325001
0.000315001
0.000305001
0.000295001
0.000285
0.000275
0.000265
0.000255
0.000245
0.000235
0.000225
0.000215
0.000205
0.000195
0.000185
0.000175
0.000165
0.000155
0.000145
0.000135
0.000125
0.000115
0.000105
9.50002e-05
8.50001e-05
7.50001e-05
6.50001e-05
5.50001e-05
4.50001e-05
3.50001e-05
2.5e-05
1.5e-05
5.00001e-06
0.000994997
0.000985003
0.000975
0.000965001
0.000955001
0.000945001
0.000935001
0.000925001
0.000915001
0.000905001
0.000895001
0.000885001
0.000875001
0.000865001
0.000855001
0.000845001
0.000835001
0.000825001
0.000815001
0.000805001
0.000795001
0.000785001
0.000775001
0.000765001
0.000755001
0.000745001
0.000735001
0.000725001
0.000715001
0.000705001
0.000695001
0.000685001
0.000675001
0.000665001
0.000655001
0.000645001
0.000635001
0.000625001
0.000615001
0.000605001
0.000595001
0.000585001
0.000575001
0.000565001
0.000555001
0.000545001
0.000535001
0.000525001
0.000515001
0.000505001
0.000495001
0.000485001
0.000475001
0.000465001
0.000455001
0.000445001
0.000435001
0.000425001
0.000415001
0.000405001
0.000395001
0.000385001
0.000375001
0.000365001
0.000355001
0.000345001
0.000335001
0.000325001
0.000315001
0.000305001
0.000295001
0.000285
0.000275
0.000265
0.000255
0.000245
0.000235
0.000225
0.000215
0.000205
0.000195
0.000185
0.000175
0.000165
0.000155
0.000145
0.000135
0.000125
0.000115
0.000105
9.50002e-05
8.50001e-05
7.50001e-05
6.50001e-05
5.50001e-05
4.50001e-05
3.50001e-05
2.5e-05
1.5e-05
5.00001e-06
0.000994998
0.000985002
0.000975
0.000965001
0.000955001
0.000945001
0.000935001
0.000925001
0.000915001
0.000905001
0.000895001
0.000885001
0.000875001
0.000865001
0.000855001
0.000845001
0.000835001
0.000825001
0.000815001
0.000805001
0.000795001
0.000785001
0.000775001
0.000765001
0.000755001
0.000745001
0.000735001
0.000725001
0.000715001
0.000705001
0.000695001
0.000685001
0.000675001
0.000665001
0.000655001
0.000645001
0.000635001
0.000625001
0.000615001
0.000605001
0.000595001
0.000585001
0.000575001
0.000565001
0.000555001
0.000545001
0.000535001
0.000525001
0.000515001
0.000505001
0.000495001
0.000485001
0.000475001
0.000465001
0.000455001
0.000445001
0.000435001
0.000425001
0.000415001
0.000405001
0.000395001
0.000385001
0.000375001
0.000365001
0.000355001
0.000345001
0.000335001
0.000325001
0.000315001
0.000305001
0.000295001
0.000285
0.000275
0.000265
0.000255
0.000245
0.000235
0.000225
0.000215
0.000205
0.000195
0.000185
0.000175
0.000165
0.000155
0.000145
0.000135
0.000125
0.000115
0.000105
9.50002e-05
8.50001e-05
7.50001e-05
6.50001e-05
5.50001e-05
4.50001e-05
3.50001e-05
2.5e-05
1.5e-05
5.00001e-06
0.000995
0.000985
0.000975
0.000965001
0.000955001
0.000945001
0.000935001
0.000925001
0.000915001
0.000905001
0.000895001
0.000885001
0.000875001
0.000865001
0.000855001
0.000845001
0.000835001
0.000825001
0.000815001
0.000805001
0.000795001
0.000785001
0.000775001
0.000765001
0.000755001
0.000745001
0.000735001
0.000725001
0.000715001
0.000705001
0.000695001
0.000685001
0.000675001
0.000665001
0.000655001
0.000645001
0.000635001
0.000625001
0.000615001
0.000605001
0.000595001
0.000585001
0.000575001
0.000565001
0.000555001
0.000545001
0.000535001
0.000525001
0.000515001
0.000505001
0.000495001
0.000485001
0.000475001
0.000465001
0.000455001
0.000445001
0.000435001
0.000425001
0.000415001
0.000405001
0.000395001
0.000385001
0.000375001
0.000365001
0.000355001
0.000345001
0.000335001
0.000325001
0.000315001
0.000305001
0.000295001
0.000285
0.000275
0.000265
0.000255
0.000245
0.000235
0.000225
0.000215
0.000205
0.000195
0.000185
0.000175
0.000165
0.000155
0.000145
0.000135
0.000125
0.000115
0.000105
9.50002e-05
8.50001e-05
7.50001e-05
6.50001e-05
5.50001e-05
4.50001e-05
3.50001e-05
2.5e-05
1.5e-05
5.00001e-06
0.000995
0.000985
0.000975
0.000965001
0.000955001
0.000945001
0.000935001
0.000925001
0.000915001
0.000905001
0.000895001
0.000885001
0.000875001
0.000865001
0.000855001
0.000845001
0.000835001
0.000825001
0.000815001
0.000805001
0.000795001
0.000785001
0.000775001
0.000765001
0.000755001
0.000745001
0.000735001
0.000725001
0.000715001
0.000705001
0.000695001
0.000685001
0.000675001
0.000665001
0.000655001
0.000645001
0.000635001
0.000625001
0.000615001
0.000605001
0.000595001
0.000585001
0.000575001
0.000565001
0.000555001
0.000545001
0.000535001
0.000525001
0.000515001
0.000505001
0.000495001
0.000485001
0.000475001
0.000465001
0.000455001
0.000445001
0.000435001
0.000425001
0.000415001
0.000405001
0.000395001
0.000385001
0.000375001
0.000365001
0.000355001
0.000345001
0.000335001
0.000325001
0.000315001
0.000305001
0.000295001
0.000285
0.000275
0.000265
0.000255
0.000245
0.000235
0.000225
0.000215
0.000205
0.000195
0.000185
0.000175
0.000165
0.000155
0.000145
0.000135
0.000125
0.000115
0.000105
9.50002e-05
8.50001e-05
7.50001e-05
6.50001e-05
5.50001e-05
4.50001e-05
3.50001e-05
2.5e-05
1.5e-05
5.00001e-06
0.000994998
0.000985002
0.000975
0.000965001
0.000955001
0.000945001
0.000935001
0.000925001
0.000915001
0.000905001
0.000895001
0.000885001
0.000875001
0.000865001
0.000855001
0.000845001
0.000835001
0.000825001
0.000815001
0.000805001
0.000795001
0.000785001
0.000775001
0.000765001
0.000755001
0.000745001
0.000735001
0.000725001
0.000715001
0.000705001
0.000695001
0.000685001
0.000675001
0.000665001
0.000655001
0.000645001
0.000635001
0.000625001
0.000615001
0.000605001
0.000595001
0.000585001
0.000575001
0.000565001
0.000555001
0.000545001
0.000535001
0.000525001
0.000515001
0.000505001
0.000495001
0.000485001
0.000475001
0.000465001
0.000455001
0.000445001
0.000435001
0.000425001
0.000415001
0.000405001
0.000395001
0.000385001
0.000375001
0.000365001
0.000355001
0.000345001
0.000335001
0.000325001
0.000315001
0.000305001
0.000295001
0.000285
0.000275
0.000265
0.000255
0.000245
0.000235
0.000225
0.000215
0.000205
0.000195
0.000185
0.000175
0.000165
0.000155
0.000145
0.000135
0.000125
0.000115
0.000105
9.50002e-05
8.50001e-05
7.50001e-05
6.50001e-05
5.50001e-05
4.50001e-05
3.50001e-05
2.5e-05
1.5e-05
5.00001e-06
0.000994997
0.000985004
0.000974999
0.000965001
0.000955001
0.000945001
0.000935001
0.000925001
0.000915001
0.000905001
0.000895001
0.000885001
0.000875001
0.000865001
0.000855001
0.000845001
0.000835001
0.000825001
0.000815001
0.000805001
0.000795001
0.000785001
0.000775001
0.000765001
0.000755001
0.000745001
0.000735001
0.000725001
0.000715001
0.000705001
0.000695001
0.000685001
0.000675001
0.000665001
0.000655001
0.000645001
0.000635001
0.000625001
0.000615001
0.000605001
0.000595001
0.000585001
0.000575001
0.000565001
0.000555001
0.000545001
0.000535001
0.000525001
0.000515001
0.000505001
0.000495001
0.000485001
0.000475001
0.000465001
0.000455001
0.000445001
0.000435001
0.000425001
0.000415001
0.000405001
0.000395001
0.000385001
0.000375001
0.000365001
0.000355001
0.000345001
0.000335001
0.000325001
0.000315001
0.000305001
0.000295001
0.000285
0.000275
0.000265
0.000255
0.000245
0.000235
0.000225
0.000215
0.000205
0.000195
0.000185
0.000175
0.000165
0.000155
0.000145
0.000135
0.000125
0.000115
0.000105
9.50002e-05
8.50001e-05
7.50001e-05
6.50001e-05
5.50001e-05
4.50001e-05
3.50001e-05
2.5e-05
1.5e-05
5.00001e-06
0.000994998
0.000985003
0.000974999
0.000965001
0.000955001
0.000945001
0.000935001
0.000925001
0.000915001
0.000905001
0.000895001
0.000885001
0.000875001
0.000865001
0.000855001
0.000845001
0.000835001
0.000825001
0.000815001
0.000805001
0.000795001
0.000785001
0.000775001
0.000765001
0.000755001
0.000745001
0.000735001
0.000725001
0.000715001
0.000705001
0.000695001
0.000685001
0.000675001
0.000665001
0.000655001
0.000645001
0.000635001
0.000625001
0.000615001
0.000605001
0.000595001
0.000585001
0.000575001
0.000565001
0.000555001
0.000545001
0.000535001
0.000525001
0.000515001
0.000505001
0.000495001
0.000485001
0.000475001
0.000465001
0.000455001
0.000445001
0.000435001
0.000425001
0.000415001
0.000405001
0.000395001
0.000385001
0.000375001
0.000365001
0.000355001
0.000345001
0.000335001
0.000325001
0.000315001
0.000305001
0.000295001
0.000285
0.000275
0.000265
0.000255
0.000245
0.000235
0.000225
0.000215
0.000205
0.000195
0.000185
0.000175
0.000165
0.000155
0.000145
0.000135
0.000125
0.000115
0.000105
9.50002e-05
8.50001e-05
7.50001e-05
6.50001e-05
5.50001e-05
4.50001e-05
3.50001e-05
2.5e-05
1.5e-05
5.00001e-06
0.000994997
0.000985004
0.000974999
0.000965001
0.000955001
0.000945001
0.000935001
0.000925001
0.000915001
0.000905001
0.000895001
0.000885001
0.000875001
0.000865001
0.000855001
0.000845001
0.000835001
0.000825001
0.000815001
0.000805001
0.000795001
0.000785001
0.000775001
0.000765001
0.000755001
0.000745001
0.000735001
0.000725001
0.000715001
0.000705001
0.000695001
0.000685001
0.000675001
0.000665001
0.000655001
0.000645001
0.000635001
0.000625001
0.000615001
0.000605001
0.000595001
0.000585001
0.000575001
0.000565001
0.000555001
0.000545001
0.000535001
0.000525001
0.000515001
0.000505001
0.000495001
0.000485001
0.000475001
0.000465001
0.000455001
0.000445001
0.000435001
0.000425001
0.000415001
0.000405001
0.000395001
0.000385001
0.000375001
0.000365001
0.000355001
0.000345001
0.000335001
0.000325001
0.000315001
0.000305001
0.000295001
0.000285
0.000275
0.000265
0.000255
0.000245
0.000235
0.000225
0.000215
0.000205
0.000195
0.000185
0.000175
0.000165
0.000155
0.000145
0.000135
0.000125
0.000115
0.000105
9.50002e-05
8.50001e-05
7.50001e-05
6.50001e-05
5.50001e-05
4.50001e-05
3.50001e-05
2.5e-05
1.5e-05
5.00001e-06
0.000994998
0.000985002
0.000975
0.000965001
0.000955001
0.000945001
0.000935001
0.000925001
0.000915001
0.000905001
0.000895001
0.000885001
0.000875001
0.000865001
0.000855001
0.000845001
0.000835001
0.000825001
0.000815001
0.000805001
0.000795001
0.000785001
0.000775001
0.000765001
0.000755001
0.000745001
0.000735001
0.000725001
0.000715001
0.000705001
0.000695001
0.000685001
0.000675001
0.000665001
0.000655001
0.000645001
0.000635001
0.000625001
0.000615001
0.000605001
0.000595001
0.000585001
0.000575001
0.000565001
0.000555001
0.000545001
0.000535001
0.000525001
0.000515001
0.000505001
0.000495001
0.000485001
0.000475001
0.000465001
0.000455001
0.000445001
0.000435001
0.000425001
0.000415001
0.000405001
0.000395001
0.000385001
0.000375001
0.000365001
0.000355001
0.000345001
0.000335001
0.000325001
0.000315001
0.000305001
0.000295001
0.000285
0.000275
0.000265
0.000255
0.000245
0.000235
0.000225
0.000215
0.000205
0.000195
0.000185
0.000175
0.000165
0.000155
0.000145
0.000135
0.000125
0.000115
0.000105
9.50002e-05
8.50001e-05
7.50001e-05
6.50001e-05
5.50001e-05
4.50001e-05
3.50001e-05
2.5e-05
1.5e-05
5.00001e-06
0.000995
0.000985
0.000975
0.000965001
0.000955001
0.000945001
0.000935001
0.000925001
0.000915001
0.000905001
0.000895001
0.000885001
0.000875001
0.000865001
0.000855001
0.000845001
0.000835001
0.000825001
0.000815001
0.000805001
0.000795001
0.000785001
0.000775001
0.000765001
0.000755001
0.000745001
0.000735001
0.000725001
0.000715001
0.000705001
0.000695001
0.000685001
0.000675001
0.000665001
0.000655001
0.000645001
0.000635001
0.000625001
0.000615001
0.000605001
0.000595001
0.000585001
0.000575001
0.000565001
0.000555001
0.000545001
0.000535001
0.000525001
0.000515001
0.000505001
0.000495001
0.000485001
0.000475001
0.000465001
0.000455001
0.000445001
0.000435001
0.000425001
0.000415001
0.000405001
0.000395001
0.000385001
0.000375001
0.000365001
0.000355001
0.000345001
0.000335001
0.000325001
0.000315001
0.000305001
0.000295001
0.000285
0.000275
0.000265
0.000255
0.000245
0.000235
0.000225
0.000215
0.000205
0.000195
0.000185
0.000175
0.000165
0.000155
0.000145
0.000135
0.000125
0.000115
0.000105
9.50002e-05
8.50001e-05
7.50001e-05
6.50001e-05
5.50001e-05
4.50001e-05
3.50001e-05
2.5e-05
1.5e-05
5.00001e-06
0.000995
0.000985001
0.000975
0.000965001
0.000955001
0.000945001
0.000935001
0.000925001
0.000915001
0.000905001
0.000895001
0.000885001
0.000875001
0.000865001
0.000855001
0.000845001
0.000835001
0.000825001
0.000815001
0.000805001
0.000795001
0.000785001
0.000775001
0.000765001
0.000755001
0.000745001
0.000735001
0.000725001
0.000715001
0.000705001
0.000695001
0.000685001
0.000675001
0.000665001
0.000655001
0.000645001
0.000635001
0.000625001
0.000615001
0.000605001
0.000595001
0.000585001
0.000575001
0.000565001
0.000555001
0.000545001
0.000535001
0.000525001
0.000515001
0.000505001
0.000495001
0.000485001
0.000475001
0.000465001
0.000455001
0.000445001
0.000435001
0.000425001
0.000415001
0.000405001
0.000395001
0.000385001
0.000375001
0.000365001
0.000355001
0.000345001
0.000335001
0.000325001
0.000315001
0.000305001
0.000295001
0.000285
0.000275
0.000265
0.000255
0.000245
0.000235
0.000225
0.000215
0.000205
0.000195
0.000185
0.000175
0.000165
0.000155
0.000145
0.000135
0.000125
0.000115
0.000105
9.50002e-05
8.50001e-05
7.50001e-05
6.50001e-05
5.50001e-05
4.50001e-05
3.50001e-05
2.5e-05
1.5e-05
5.00001e-06
0.000994997
0.000985003
0.000975
0.000965001
0.000955001
0.000945001
0.000935001
0.000925001
0.000915001
0.000905001
0.000895001
0.000885001
0.000875001
0.000865001
0.000855001
0.000845001
0.000835001
0.000825001
0.000815001
0.000805001
0.000795001
0.000785001
0.000775001
0.000765001
0.000755001
0.000745001
0.000735001
0.000725001
0.000715001
0.000705001
0.000695001
0.000685001
0.000675001
0.000665001
0.000655001
0.000645001
0.000635001
0.000625001
0.000615001
0.000605001
0.000595001
0.000585001
0.000575001
0.000565001
0.000555001
0.000545001
0.000535001
0.000525001
0.000515001
0.000505001
0.000495001
0.000485001
0.000475001
0.000465001
0.000455001
0.000445001
0.000435001
0.000425001
0.000415001
0.000405001
0.000395001
0.000385001
0.000375001
0.000365001
0.000355001
0.000345001
0.000335001
0.000325001
0.000315001
0.000305001
0.000295001
0.000285
0.000275
0.000265
0.000255
0.000245
0.000235
0.000225
0.000215
0.000205
0.000195
0.000185
0.000175
0.000165
0.000155
0.000145
0.000135
0.000125
0.000115
0.000105
9.50002e-05
8.50001e-05
7.50001e-05
6.50001e-05
5.50001e-05
4.50001e-05
3.50001e-05
2.5e-05
1.5e-05
5.00001e-06
0.000994998
0.000985003
0.000974999
0.000965001
0.000955001
0.000945001
0.000935001
0.000925001
0.000915001
0.000905001
0.000895001
0.000885001
0.000875001
0.000865001
0.000855001
0.000845001
0.000835001
0.000825001
0.000815001
0.000805001
0.000795001
0.000785001
0.000775001
0.000765001
0.000755001
0.000745001
0.000735001
0.000725001
0.000715001
0.000705001
0.000695001
0.000685001
0.000675001
0.000665001
0.000655001
0.000645001
0.000635001
0.000625001
0.000615001
0.000605001
0.000595001
0.000585001
0.000575001
0.000565001
0.000555001
0.000545001
0.000535001
0.000525001
0.000515001
0.000505001
0.000495001
0.000485001
0.000475001
0.000465001
0.000455001
0.000445001
0.000435001
0.000425001
0.000415001
0.000405001
0.000395001
0.000385001
0.000375001
0.000365001
0.000355001
0.000345001
0.000335001
0.000325001
0.000315001
0.000305001
0.000295001
0.000285
0.000275
0.000265
0.000255
0.000245
0.000235
0.000225
0.000215
0.000205
0.000195
0.000185
0.000175
0.000165
0.000155
0.000145
0.000135
0.000125
0.000115
0.000105
9.50002e-05
8.50001e-05
7.50001e-05
6.50001e-05
5.50001e-05
4.50001e-05
3.50001e-05
2.5e-05
1.5e-05
5.00001e-06
0.000994998
0.000985001
0.000974998
0.000965002
0.000955001
0.000945001
0.000935001
0.000925001
0.000915001
0.000905001
0.000895001
0.000885001
0.000875001
0.000865001
0.000855001
0.000845001
0.000835001
0.000825001
0.000815001
0.000805001
0.000795001
0.000785001
0.000775001
0.000765001
0.000755001
0.000745001
0.000735001
0.000725001
0.000715001
0.000705001
0.000695001
0.000685001
0.000675001
0.000665001
0.000655001
0.000645001
0.000635001
0.000625001
0.000615001
0.000605001
0.000595001
0.000585001
0.000575001
0.000565001
0.000555001
0.000545001
0.000535001
0.000525001
0.000515001
0.000505001
0.000495001
0.000485001
0.000475001
0.000465001
0.000455001
0.000445001
0.000435001
0.000425001
0.000415001
0.000405001
0.000395001
0.000385001
0.000375001
0.000365001
0.000355001
0.000345001
0.000335001
0.000325001
0.000315001
0.000305001
0.000295001
0.000285
0.000275
0.000265
0.000255
0.000245
0.000235
0.000225
0.000215
0.000205
0.000195
0.000185
0.000175
0.000165
0.000155
0.000145
0.000135
0.000125
0.000115
0.000105
9.50002e-05
8.50001e-05
7.50001e-05
6.50001e-05
5.50001e-05
4.50001e-05
3.50001e-05
2.5e-05
1.5e-05
5.00001e-06
0.000994998
0.000985003
0.000974999
0.000965001
0.000955001
0.000945001
0.000935001
0.000925001
0.000915001
0.000905001
0.000895001
0.000885001
0.000875001
0.000865001
0.000855001
0.000845001
0.000835001
0.000825001
0.000815001
0.000805001
0.000795001
0.000785001
0.000775001
0.000765001
0.000755001
0.000745001
0.000735001
0.000725001
0.000715001
0.000705001
0.000695001
0.000685001
0.000675001
0.000665001
0.000655001
0.000645001
0.000635001
0.000625001
0.000615001
0.000605001
0.000595001
0.000585001
0.000575001
0.000565001
0.000555001
0.000545001
0.000535001
0.000525001
0.000515001
0.000505001
0.000495001
0.000485001
0.000475001
0.000465001
0.000455001
0.000445001
0.000435001
0.000425001
0.000415001
0.000405001
0.000395001
0.000385001
0.000375001
0.000365001
0.000355001
0.000345001
0.000335001
0.000325001
0.000315001
0.000305001
0.000295001
0.000285
0.000275
0.000265
0.000255
0.000245
0.000235
0.000225
0.000215
0.000205
0.000195
0.000185
0.000175
0.000165
0.000155
0.000145
0.000135
0.000125
0.000115
0.000105
9.50002e-05
8.50001e-05
7.50001e-05
6.50001e-05
5.50001e-05
4.50001e-05
3.50001e-05
2.5e-05
1.5e-05
5.00001e-06
0.000994997
0.000985003
0.000975
0.000965001
0.000955001
0.000945001
0.000935001
0.000925001
0.000915001
0.000905001
0.000895001
0.000885001
0.000875001
0.000865001
0.000855001
0.000845001
0.000835001
0.000825001
0.000815001
0.000805001
0.000795001
0.000785001
0.000775001
0.000765001
0.000755001
0.000745001
0.000735001
0.000725001
0.000715001
0.000705001
0.000695001
0.000685001
0.000675001
0.000665001
0.000655001
0.000645001
0.000635001
0.000625001
0.000615001
0.000605001
0.000595001
0.000585001
0.000575001
0.000565001
0.000555001
0.000545001
0.000535001
0.000525001
0.000515001
0.000505001
0.000495001
0.000485001
0.000475001
0.000465001
0.000455001
0.000445001
0.000435001
0.000425001
0.000415001
0.000405001
0.000395001
0.000385001
0.000375001
0.000365001
0.000355001
0.000345001
0.000335001
0.000325001
0.000315001
0.000305001
0.000295001
0.000285
0.000275
0.000265
0.000255
0.000245
0.000235
0.000225
0.000215
0.000205
0.000195
0.000185
0.000175
0.000165
0.000155
0.000145
0.000135
0.000125
0.000115
0.000105
9.50002e-05
8.50001e-05
7.50001e-05
6.50001e-05
5.50001e-05
4.50001e-05
3.50001e-05
2.5e-05
1.5e-05
5.00001e-06
0.000995
0.000985
0.000975
0.000965001
0.000955001
0.000945001
0.000935001
0.000925001
0.000915001
0.000905001
0.000895001
0.000885001
0.000875001
0.000865001
0.000855001
0.000845001
0.000835001
0.000825001
0.000815001
0.000805001
0.000795001
0.000785001
0.000775001
0.000765001
0.000755001
0.000745001
0.000735001
0.000725001
0.000715001
0.000705001
0.000695001
0.000685001
0.000675001
0.000665001
0.000655001
0.000645001
0.000635001
0.000625001
0.000615001
0.000605001
0.000595001
0.000585001
0.000575001
0.000565001
0.000555001
0.000545001
0.000535001
0.000525001
0.000515001
0.000505001
0.000495001
0.000485001
0.000475001
0.000465001
0.000455001
0.000445001
0.000435001
0.000425001
0.000415001
0.000405001
0.000395001
0.000385001
0.000375001
0.000365001
0.000355001
0.000345001
0.000335001
0.000325001
0.000315001
0.000305001
0.000295001
0.000285
0.000275
0.000265
0.000255
0.000245
0.000235
0.000225
0.000215
0.000205
0.000195
0.000185
0.000175
0.000165
0.000155
0.000145
0.000135
0.000125
0.000115
0.000105
9.50002e-05
8.50001e-05
7.50001e-05
6.50001e-05
5.50001e-05
4.50001e-05
3.50001e-05
2.5e-05
1.5e-05
5.00001e-06
0.000995
0.000985
0.000975
0.000965001
0.000955001
0.000945001
0.000935001
0.000925001
0.000915001
0.000905001
0.000895001
0.000885001
0.000875001
0.000865001
0.000855001
0.000845001
0.000835001
0.000825001
0.000815001
0.000805001
0.000795001
0.000785001
0.000775001
0.000765001
0.000755001
0.000745001
0.000735001
0.000725001
0.000715001
0.000705001
0.000695001
0.000685001
0.000675001
0.000665001
0.000655001
0.000645001
0.000635001
0.000625001
0.000615001
0.000605001
0.000595001
0.000585001
0.000575001
0.000565001
0.000555001
0.000545001
0.000535001
0.000525001
0.000515001
0.000505001
0.000495001
0.000485001
0.000475001
0.000465001
0.000455001
0.000445001
0.000435001
0.000425001
0.000415001
0.000405001
0.000395001
0.000385001
0.000375001
0.000365001
0.000355001
0.000345001
0.000335001
0.000325001
0.000315001
0.000305001
0.000295001
0.000285
0.000275
0.000265
0.000255
0.000245
0.000235
0.000225
0.000215
0.000205
0.000195
0.000185
0.000175
0.000165
0.000155
0.000145
0.000135
0.000125
0.000115
0.000105
9.50002e-05
8.50001e-05
7.50001e-05
6.50001e-05
5.50001e-05
4.50001e-05
3.50001e-05
2.5e-05
1.5e-05
5.00001e-06
0.000994998
0.000985002
0.000975
0.000965001
0.000955001
0.000945001
0.000935001
0.000925001
0.000915001
0.000905001
0.000895001
0.000885001
0.000875001
0.000865001
0.000855001
0.000845001
0.000835001
0.000825001
0.000815001
0.000805001
0.000795001
0.000785001
0.000775001
0.000765001
0.000755001
0.000745001
0.000735001
0.000725001
0.000715001
0.000705001
0.000695001
0.000685001
0.000675001
0.000665001
0.000655001
0.000645001
0.000635001
0.000625001
0.000615001
0.000605001
0.000595001
0.000585001
0.000575001
0.000565001
0.000555001
0.000545001
0.000535001
0.000525001
0.000515001
0.000505001
0.000495001
0.000485001
0.000475001
0.000465001
0.000455001
0.000445001
0.000435001
0.000425001
0.000415001
0.000405001
0.000395001
0.000385001
0.000375001
0.000365001
0.000355001
0.000345001
0.000335001
0.000325001
0.000315001
0.000305001
0.000295001
0.000285
0.000275
0.000265
0.000255
0.000245
0.000235
0.000225
0.000215
0.000205
0.000195
0.000185
0.000175
0.000165
0.000155
0.000145
0.000135
0.000125
0.000115
0.000105
9.50002e-05
8.50001e-05
7.50001e-05
6.50001e-05
5.50001e-05
4.50001e-05
3.50001e-05
2.5e-05
1.5e-05
5.00001e-06
0.000994997
0.000985004
0.000974999
0.000965001
0.000955001
0.000945001
0.000935001
0.000925001
0.000915001
0.000905001
0.000895001
0.000885001
0.000875001
0.000865001
0.000855001
0.000845001
0.000835001
0.000825001
0.000815001
0.000805001
0.000795001
0.000785001
0.000775001
0.000765001
0.000755001
0.000745001
0.000735001
0.000725001
0.000715001
0.000705001
0.000695001
0.000685001
0.000675001
0.000665001
0.000655001
0.000645001
0.000635001
0.000625001
0.000615001
0.000605001
0.000595001
0.000585001
0.000575001
0.000565001
0.000555001
0.000545001
0.000535001
0.000525001
0.000515001
0.000505001
0.000495001
0.000485001
0.000475001
0.000465001
0.000455001
0.000445001
0.000435001
0.000425001
0.000415001
0.000405001
0.000395001
0.000385001
0.000375001
0.000365001
0.000355001
0.000345001
0.000335001
0.000325001
0.000315001
0.000305001
0.000295001
0.000285
0.000275
0.000265
0.000255
0.000245
0.000235
0.000225
0.000215
0.000205
0.000195
0.000185
0.000175
0.000165
0.000155
0.000145
0.000135
0.000125
0.000115
0.000105
9.50002e-05
8.50001e-05
7.50001e-05
6.50001e-05
5.50001e-05
4.50001e-05
3.50001e-05
2.5e-05
1.5e-05
5.00001e-06
0.000994998
0.000985003
0.000974999
0.000965001
0.000955001
0.000945001
0.000935001
0.000925001
0.000915001
0.000905001
0.000895001
0.000885001
0.000875001
0.000865001
0.000855001
0.000845001
0.000835001
0.000825001
0.000815001
0.000805001
0.000795001
0.000785001
0.000775001
0.000765001
0.000755001
0.000745001
0.000735001
0.000725001
0.000715001
0.000705001
0.000695001
0.000685001
0.000675001
0.000665001
0.000655001
0.000645001
0.000635001
0.000625001
0.000615001
0.000605001
0.000595001
0.000585001
0.000575001
0.000565001
0.000555001
0.000545001
0.000535001
0.000525001
0.000515001
0.000505001
0.000495001
0.000485001
0.000475001
0.000465001
0.000455001
0.000445001
0.000435001
0.000425001
0.000415001
0.000405001
0.000395001
0.000385001
0.000375001
0.000365001
0.000355001
0.000345001
0.000335001
0.000325001
0.000315001
0.000305001
0.000295001
0.000285
0.000275
0.000265
0.000255
0.000245
0.000235
0.000225
0.000215
0.000205
0.000195
0.000185
0.000175
0.000165
0.000155
0.000145
0.000135
0.000125
0.000115
0.000105
9.50002e-05
8.50001e-05
7.50001e-05
6.50001e-05
5.50001e-05
4.50001e-05
3.50001e-05
2.5e-05
1.5e-05
5.00001e-06
0.000994997
0.000985004
0.000974999
0.000965001
0.000955001
0.000945001
0.000935001
0.000925001
0.000915001
0.000905001
0.000895001
0.000885001
0.000875001
0.000865001
0.000855001
0.000845001
0.000835001
0.000825001
0.000815001
0.000805001
0.000795001
0.000785001
0.000775001
0.000765001
0.000755001
0.000745001
0.000735001
0.000725001
0.000715001
0.000705001
0.000695001
0.000685001
0.000675001
0.000665001
0.000655001
0.000645001
0.000635001
0.000625001
0.000615001
0.000605001
0.000595001
0.000585001
0.000575001
0.000565001
0.000555001
0.000545001
0.000535001
0.000525001
0.000515001
0.000505001
0.000495001
0.000485001
0.000475001
0.000465001
0.000455001
0.000445001
0.000435001
0.000425001
0.000415001
0.000405001
0.000395001
0.000385001
0.000375001
0.000365001
0.000355001
0.000345001
0.000335001
0.000325001
0.000315001
0.000305001
0.000295001
0.000285
0.000275
0.000265
0.000255
0.000245
0.000235
0.000225
0.000215
0.000205
0.000195
0.000185
0.000175
0.000165
0.000155
0.000145
0.000135
0.000125
0.000115
0.000105
9.50002e-05
8.50001e-05
7.50001e-05
6.50001e-05
5.50001e-05
4.50001e-05
3.50001e-05
2.5e-05
1.5e-05
5.00001e-06
0.000994998
0.000985001
0.000975
0.000965001
0.000955001
0.000945001
0.000935001
0.000925001
0.000915001
0.000905001
0.000895001
0.000885001
0.000875001
0.000865001
0.000855001
0.000845001
0.000835001
0.000825001
0.000815001
0.000805001
0.000795001
0.000785001
0.000775001
0.000765001
0.000755001
0.000745001
0.000735001
0.000725001
0.000715001
0.000705001
0.000695001
0.000685001
0.000675001
0.000665001
0.000655001
0.000645001
0.000635001
0.000625001
0.000615001
0.000605001
0.000595001
0.000585001
0.000575001
0.000565001
0.000555001
0.000545001
0.000535001
0.000525001
0.000515001
0.000505001
0.000495001
0.000485001
0.000475001
0.000465001
0.000455001
0.000445001
0.000435001
0.000425001
0.000415001
0.000405001
0.000395001
0.000385001
0.000375001
0.000365001
0.000355001
0.000345001
0.000335001
0.000325001
0.000315001
0.000305001
0.000295001
0.000285
0.000275
0.000265
0.000255
0.000245
0.000235
0.000225
0.000215
0.000205
0.000195
0.000185
0.000175
0.000165
0.000155
0.000145
0.000135
0.000125
0.000115
0.000105
9.50002e-05
8.50001e-05
7.50001e-05
6.50001e-05
5.50001e-05
4.50001e-05
3.50001e-05
2.5e-05
1.5e-05
5.00001e-06
0.000995
0.000985
0.000975
0.000965001
0.000955001
0.000945001
0.000935001
0.000925001
0.000915001
0.000905001
0.000895001
0.000885001
0.000875001
0.000865001
0.000855001
0.000845001
0.000835001
0.000825001
0.000815001
0.000805001
0.000795001
0.000785001
0.000775001
0.000765001
0.000755001
0.000745001
0.000735001
0.000725001
0.000715001
0.000705001
0.000695001
0.000685001
0.000675001
0.000665001
0.000655001
0.000645001
0.000635001
0.000625001
0.000615001
0.000605001
0.000595001
0.000585001
0.000575001
0.000565001
0.000555001
0.000545001
0.000535001
0.000525001
0.000515001
0.000505001
0.000495001
0.000485001
0.000475001
0.000465001
0.000455001
0.000445001
0.000435001
0.000425001
0.000415001
0.000405001
0.000395001
0.000385001
0.000375001
0.000365001
0.000355001
0.000345001
0.000335001
0.000325001
0.000315001
0.000305001
0.000295001
0.000285
0.000275
0.000265
0.000255
0.000245
0.000235
0.000225
0.000215
0.000205
0.000195
0.000185
0.000175
0.000165
0.000155
0.000145
0.000135
0.000125
0.000115
0.000105
9.50002e-05
8.50001e-05
7.50001e-05
6.50001e-05
5.50001e-05
4.50001e-05
3.50001e-05
2.5e-05
1.5e-05
5.00001e-06
0.000995
0.000985
0.000975
0.000965001
0.000955001
0.000945001
0.000935001
0.000925001
0.000915001
0.000905001
0.000895001
0.000885001
0.000875001
0.000865001
0.000855001
0.000845001
0.000835001
0.000825001
0.000815001
0.000805001
0.000795001
0.000785001
0.000775001
0.000765001
0.000755001
0.000745001
0.000735001
0.000725001
0.000715001
0.000705001
0.000695001
0.000685001
0.000675001
0.000665001
0.000655001
0.000645001
0.000635001
0.000625001
0.000615001
0.000605001
0.000595001
0.000585001
0.000575001
0.000565001
0.000555001
0.000545001
0.000535001
0.000525001
0.000515001
0.000505001
0.000495001
0.000485001
0.000475001
0.000465001
0.000455001
0.000445001
0.000435001
0.000425001
0.000415001
0.000405001
0.000395001
0.000385001
0.000375001
0.000365001
0.000355001
0.000345001
0.000335001
0.000325001
0.000315001
0.000305001
0.000295001
0.000285
0.000275
0.000265
0.000255
0.000245
0.000235
0.000225
0.000215
0.000205
0.000195
0.000185
0.000175
0.000165
0.000155
0.000145
0.000135
0.000125
0.000115
0.000105
9.50002e-05
8.50001e-05
7.50001e-05
6.50001e-05
5.50001e-05
4.50001e-05
3.50001e-05
2.5e-05
1.5e-05
5.00001e-06
0.000994998
0.000985001
0.000975
0.000965001
0.000955001
0.000945001
0.000935001
0.000925001
0.000915001
0.000905001
0.000895001
0.000885001
0.000875001
0.000865001
0.000855001
0.000845001
0.000835001
0.000825001
0.000815001
0.000805001
0.000795001
0.000785001
0.000775001
0.000765001
0.000755001
0.000745001
0.000735001
0.000725001
0.000715001
0.000705001
0.000695001
0.000685001
0.000675001
0.000665001
0.000655001
0.000645001
0.000635001
0.000625001
0.000615001
0.000605001
0.000595001
0.000585001
0.000575001
0.000565001
0.000555001
0.000545001
0.000535001
0.000525001
0.000515001
0.000505001
0.000495001
0.000485001
0.000475001
0.000465001
0.000455001
0.000445001
0.000435001
0.000425001
0.000415001
0.000405001
0.000395001
0.000385001
0.000375001
0.000365001
0.000355001
0.000345001
0.000335001
0.000325001
0.000315001
0.000305001
0.000295001
0.000285
0.000275
0.000265
0.000255
0.000245
0.000235
0.000225
0.000215
0.000205
0.000195
0.000185
0.000175
0.000165
0.000155
0.000145
0.000135
0.000125
0.000115
0.000105
9.50002e-05
8.50001e-05
7.50001e-05
6.50001e-05
5.50001e-05
4.50001e-05
3.50001e-05
2.5e-05
1.5e-05
5.00001e-06
0.000994997
0.000985002
0.000975
0.000965001
0.000955001
0.000945001
0.000935001
0.000925001
0.000915001
0.000905001
0.000895001
0.000885001
0.000875001
0.000865001
0.000855001
0.000845001
0.000835001
0.000825001
0.000815001
0.000805001
0.000795001
0.000785001
0.000775001
0.000765001
0.000755001
0.000745001
0.000735001
0.000725001
0.000715001
0.000705001
0.000695001
0.000685001
0.000675001
0.000665001
0.000655001
0.000645001
0.000635001
0.000625001
0.000615001
0.000605001
0.000595001
0.000585001
0.000575001
0.000565001
0.000555001
0.000545001
0.000535001
0.000525001
0.000515001
0.000505001
0.000495001
0.000485001
0.000475001
0.000465001
0.000455001
0.000445001
0.000435001
0.000425001
0.000415001
0.000405001
0.000395001
0.000385001
0.000375001
0.000365001
0.000355001
0.000345001
0.000335001
0.000325001
0.000315001
0.000305001
0.000295001
0.000285
0.000275
0.000265
0.000255
0.000245
0.000235
0.000225
0.000215
0.000205
0.000195
0.000185
0.000175
0.000165
0.000155
0.000145
0.000135
0.000125
0.000115
0.000105
9.50002e-05
8.50001e-05
7.50001e-05
6.50001e-05
5.50001e-05
4.50001e-05
3.50001e-05
2.5e-05
1.5e-05
5.00001e-06
0.000994998
0.000985001
0.000975
0.000965001
0.000955001
0.000945001
0.000935001
0.000925001
0.000915001
0.000905001
0.000895001
0.000885001
0.000875001
0.000865001
0.000855001
0.000845001
0.000835001
0.000825001
0.000815001
0.000805001
0.000795001
0.000785001
0.000775001
0.000765001
0.000755001
0.000745001
0.000735001
0.000725001
0.000715001
0.000705001
0.000695001
0.000685001
0.000675001
0.000665001
0.000655001
0.000645001
0.000635001
0.000625001
0.000615001
0.000605001
0.000595001
0.000585001
0.000575001
0.000565001
0.000555001
0.000545001
0.000535001
0.000525001
0.000515001
0.000505001
0.000495001
0.000485001
0.000475001
0.000465001
0.000455001
0.000445001
0.000435001
0.000425001
0.000415001
0.000405001
0.000395001
0.000385001
0.000375001
0.000365001
0.000355001
0.000345001
0.000335001
0.000325001
0.000315001
0.000305001
0.000295001
0.000285
0.000275
0.000265
0.000255
0.000245
0.000235
0.000225
0.000215
0.000205
0.000195
0.000185
0.000175
0.000165
0.000155
0.000145
0.000135
0.000125
0.000115
0.000105
9.50002e-05
8.50001e-05
7.50001e-05
6.50001e-05
5.50001e-05
4.50001e-05
3.50001e-05
2.5e-05
1.5e-05
5.00001e-06
0.000995
0.000985
0.000975
0.000965001
0.000955001
0.000945001
0.000935001
0.000925001
0.000915001
0.000905001
0.000895001
0.000885001
0.000875001
0.000865001
0.000855001
0.000845001
0.000835001
0.000825001
0.000815001
0.000805001
0.000795001
0.000785001
0.000775001
0.000765001
0.000755001
0.000745001
0.000735001
0.000725001
0.000715001
0.000705001
0.000695001
0.000685001
0.000675001
0.000665001
0.000655001
0.000645001
0.000635001
0.000625001
0.000615001
0.000605001
0.000595001
0.000585001
0.000575001
0.000565001
0.000555001
0.000545001
0.000535001
0.000525001
0.000515001
0.000505001
0.000495001
0.000485001
0.000475001
0.000465001
0.000455001
0.000445001
0.000435001
0.000425001
0.000415001
0.000405001
0.000395001
0.000385001
0.000375001
0.000365001
0.000355001
0.000345001
0.000335001
0.000325001
0.000315001
0.000305001
0.000295001
0.000285
0.000275
0.000265
0.000255
0.000245
0.000235
0.000225
0.000215
0.000205
0.000195
0.000185
0.000175
0.000165
0.000155
0.000145
0.000135
0.000125
0.000115
0.000105
9.50002e-05
8.50001e-05
7.50001e-05
6.50001e-05
5.50001e-05
4.50001e-05
3.50001e-05
2.5e-05
1.5e-05
5.00001e-06
0.000995
0.000985
0.000975
0.000965001
0.000955001
0.000945001
0.000935001
0.000925001
0.000915001
0.000905001
0.000895001
0.000885001
0.000875001
0.000865001
0.000855001
0.000845001
0.000835001
0.000825001
0.000815001
0.000805001
0.000795001
0.000785001
0.000775001
0.000765001
0.000755001
0.000745001
0.000735001
0.000725001
0.000715001
0.000705001
0.000695001
0.000685001
0.000675001
0.000665001
0.000655001
0.000645001
0.000635001
0.000625001
0.000615001
0.000605001
0.000595001
0.000585001
0.000575001
0.000565001
0.000555001
0.000545001
0.000535001
0.000525001
0.000515001
0.000505001
0.000495001
0.000485001
0.000475001
0.000465001
0.000455001
0.000445001
0.000435001
0.000425001
0.000415001
0.000405001
0.000395001
0.000385001
0.000375001
0.000365001
0.000355001
0.000345001
0.000335001
0.000325001
0.000315001
0.000305001
0.000295001
0.000285
0.000275
0.000265
0.000255
0.000245
0.000235
0.000225
0.000215
0.000205
0.000195
0.000185
0.000175
0.000165
0.000155
0.000145
0.000135
0.000125
0.000115
0.000105
9.50002e-05
8.50001e-05
7.50001e-05
6.50001e-05
5.50001e-05
4.50001e-05
3.50001e-05
2.5e-05
1.5e-05
5.00001e-06
0.000995
0.000985
0.000975
0.000965001
0.000955001
0.000945001
0.000935001
0.000925001
0.000915001
0.000905001
0.000895001
0.000885001
0.000875001
0.000865001
0.000855001
0.000845001
0.000835001
0.000825001
0.000815001
0.000805001
0.000795001
0.000785001
0.000775001
0.000765001
0.000755001
0.000745001
0.000735001
0.000725001
0.000715001
0.000705001
0.000695001
0.000685001
0.000675001
0.000665001
0.000655001
0.000645001
0.000635001
0.000625001
0.000615001
0.000605001
0.000595001
0.000585001
0.000575001
0.000565001
0.000555001
0.000545001
0.000535001
0.000525001
0.000515001
0.000505001
0.000495001
0.000485001
0.000475001
0.000465001
0.000455001
0.000445001
0.000435001
0.000425001
0.000415001
0.000405001
0.000395001
0.000385001
0.000375001
0.000365001
0.000355001
0.000345001
0.000335001
0.000325001
0.000315001
0.000305001
0.000295001
0.000285
0.000275
0.000265
0.000255
0.000245
0.000235
0.000225
0.000215
0.000205
0.000195
0.000185
0.000175
0.000165
0.000155
0.000145
0.000135
0.000125
0.000115
0.000105
9.50002e-05
8.50001e-05
7.50001e-05
6.50001e-05
5.50001e-05
4.50001e-05
3.50001e-05
2.5e-05
1.5e-05
5.00001e-06
0.000995
0.000985
0.000975
0.000965001
0.000955001
0.000945001
0.000935001
0.000925001
0.000915001
0.000905001
0.000895001
0.000885001
0.000875001
0.000865001
0.000855001
0.000845001
0.000835001
0.000825001
0.000815001
0.000805001
0.000795001
0.000785001
0.000775001
0.000765001
0.000755001
0.000745001
0.000735001
0.000725001
0.000715001
0.000705001
0.000695001
0.000685001
0.000675001
0.000665001
0.000655001
0.000645001
0.000635001
0.000625001
0.000615001
0.000605001
0.000595001
0.000585001
0.000575001
0.000565001
0.000555001
0.000545001
0.000535001
0.000525001
0.000515001
0.000505001
0.000495001
0.000485001
0.000475001
0.000465001
0.000455001
0.000445001
0.000435001
0.000425001
0.000415001
0.000405001
0.000395001
0.000385001
0.000375001
0.000365001
0.000355001
0.000345001
0.000335001
0.000325001
0.000315001
0.000305001
0.000295001
0.000285
0.000275
0.000265
0.000255
0.000245
0.000235
0.000225
0.000215
0.000205
0.000195
0.000185
0.000175
0.000165
0.000155
0.000145
0.000135
0.000125
0.000115
0.000105
9.50002e-05
8.50001e-05
7.50001e-05
6.50001e-05
5.50001e-05
4.50001e-05
3.50001e-05
2.5e-05
1.5e-05
5.00001e-06
)
;

boundaryField
{
    inlet
    {
        type            fixedValue;
        value           uniform 0.001;
    }
    outlet
    {
        type            fixedValue;
        value           uniform 0;
    }
    solids
    {
        type            zeroGradient;
    }
}


// ************************************************************************* //
