/*--------------------------------*- C++ -*----------------------------------*\
| =========                 |                                                 |
| \\      /  F ield         | OpenFOAM: The Open Source CFD Toolbox           |
|  \\    /   O peration     | Version:  2412                                  |
|   \\  /    A nd           | Website:  www.openfoam.com                      |
|    \\/     M anipulation  |                                                 |
\*---------------------------------------------------------------------------*/
FoamFile
{
    version     2.0;
    format      ascii;
    arch        "LSB;label=32;scalar=64";
    note        "nPoints:5252  nCells:3700  nFaces:12537  nInternalFaces:9663";
    class       labelList;
    location    "constant/polyMesh";
    object      neighbour;
}
// * * * * * * * * * * * * * * * * * * * * * * * * * * * * * * * * * * * * * //


9663
(
1
100
400
2
101
401
3
102
402
4
103
403
5
104
404
6
105
405
7
106
406
8
107
407
9
108
408
10
109
409
11
110
410
12
111
411
13
112
412
14
113
413
15
114
414
16
115
415
17
116
416
18
117
417
19
118
418
20
119
419
21
120
420
22
121
421
23
122
422
24
123
423
25
124
424
26
125
425
27
126
426
28
127
427
29
128
428
30
129
429
31
130
430
32
131
431
33
132
432
34
133
433
35
134
434
36
135
435
37
136
436
38
137
437
39
138
438
40
139
439
41
140
440
42
141
441
43
142
442
44
143
443
45
144
444
46
145
445
47
146
446
48
147
447
49
148
448
50
149
449
51
150
450
52
151
451
53
152
452
54
153
453
55
154
454
56
155
455
57
156
456
58
157
457
59
158
458
60
159
459
61
160
460
62
161
461
63
162
462
64
163
463
65
164
464
66
165
465
67
166
466
68
167
467
69
168
468
70
169
469
71
170
470
72
171
471
73
172
472
74
173
473
75
174
474
76
175
475
77
176
476
78
177
477
79
178
478
80
179
479
81
180
480
82
181
481
83
182
482
84
183
483
85
184
484
86
185
485
87
186
486
88
187
487
89
188
488
90
189
489
91
190
490
92
191
491
93
192
492
94
193
493
95
194
494
96
195
495
97
196
496
98
197
497
99
198
498
199
499
101
200
500
102
201
501
103
202
502
104
203
503
105
204
504
106
205
505
107
206
506
108
207
507
109
208
508
110
209
509
111
210
510
112
211
511
113
212
512
114
213
513
115
214
514
116
215
515
117
216
516
118
217
517
119
218
518
120
219
519
121
220
520
122
221
521
123
222
522
124
223
523
125
224
524
126
225
525
127
226
526
128
227
527
129
228
528
130
229
529
131
230
530
132
231
531
133
232
532
134
233
533
135
234
534
136
235
535
137
236
536
138
237
537
139
238
538
140
239
539
141
240
540
142
241
541
143
242
542
144
243
543
145
244
544
146
245
545
147
246
546
148
247
547
149
248
548
150
249
549
151
250
550
152
251
551
153
252
552
154
253
553
155
254
554
156
255
555
157
256
556
158
257
557
159
258
558
160
259
559
161
260
560
162
261
561
163
262
562
164
263
563
165
264
564
166
265
565
167
266
566
168
267
567
169
268
568
170
269
569
171
270
570
172
271
571
173
272
572
174
273
573
175
274
574
176
275
575
177
276
576
178
277
577
179
278
578
180
279
579
181
280
580
182
281
581
183
282
582
184
283
583
185
284
584
186
285
585
187
286
586
188
287
587
189
288
588
190
289
589
191
290
590
192
291
591
193
292
592
194
293
593
195
294
594
196
295
595
197
296
596
198
297
597
199
298
598
299
599
201
600
202
601
203
602
204
603
205
604
206
605
207
606
208
607
209
608
210
609
211
610
212
611
213
612
214
613
215
614
216
615
217
616
218
617
219
618
220
619
221
620
222
621
223
622
224
623
225
624
226
625
227
626
228
627
229
628
230
629
231
630
232
631
233
632
234
633
235
634
236
635
237
636
238
637
239
638
240
639
241
640
242
641
243
642
244
643
245
644
246
645
247
646
248
647
249
648
250
649
251
650
252
651
253
652
254
653
255
654
256
655
257
656
258
657
259
658
260
659
261
660
262
661
263
662
264
663
265
664
266
665
267
666
268
667
269
668
270
669
271
670
272
671
273
672
274
673
275
674
276
675
277
676
278
677
279
678
280
679
281
680
282
681
283
682
284
683
285
684
286
685
287
686
288
687
289
688
290
689
291
690
292
691
293
692
294
693
295
694
296
695
297
696
298
697
299
698
699
301
400
900
302
401
901
303
402
902
304
403
903
305
404
904
306
405
905
307
406
906
308
407
907
309
408
908
310
409
909
311
410
910
312
411
911
313
412
912
314
413
913
315
414
914
316
415
915
317
416
916
318
417
917
319
418
918
320
419
919
321
420
920
322
421
921
323
422
922
324
423
923
325
424
924
326
425
925
327
426
926
328
427
927
329
428
928
330
429
929
331
430
930
332
431
931
333
432
932
334
433
933
335
434
934
336
435
935
337
436
936
338
437
937
339
438
938
340
439
939
341
440
940
342
441
941
343
442
942
344
443
943
345
444
944
346
445
945
347
446
946
348
447
947
349
448
948
350
449
949
351
450
950
352
451
951
353
452
952
354
453
953
355
454
954
356
455
955
357
456
956
358
457
957
359
458
958
360
459
959
361
460
960
362
461
961
363
462
962
364
463
963
365
464
964
366
465
965
367
466
966
368
467
967
369
468
968
370
469
969
371
470
970
372
471
971
373
472
972
374
473
973
375
474
974
376
475
975
377
476
976
378
477
977
379
478
978
380
479
979
381
480
980
382
481
981
383
482
982
384
483
983
385
484
984
386
485
985
387
486
986
388
487
987
389
488
988
390
489
989
391
490
990
392
491
991
393
492
992
394
493
993
395
494
994
396
495
995
397
496
996
398
497
997
399
498
998
499
999
401
500
1000
402
501
1001
403
502
1002
404
503
1003
405
504
1004
406
505
1005
407
506
1006
408
507
1007
409
508
1008
410
509
1009
411
510
1010
412
511
1011
413
512
1012
414
513
1013
415
514
1014
416
515
1015
417
516
1016
418
517
1017
419
518
1018
420
519
1019
421
520
1020
422
521
1021
423
522
1022
424
523
1023
425
524
1024
426
525
1025
427
526
1026
428
527
1027
429
528
1028
430
529
1029
431
530
1030
432
531
1031
433
532
1032
434
533
1033
435
534
1034
436
535
1035
437
536
1036
438
537
1037
439
538
1038
440
539
1039
441
540
1040
442
541
1041
443
542
1042
444
543
1043
445
544
1044
446
545
1045
447
546
1046
448
547
1047
449
548
1048
450
549
1049
451
550
1050
452
551
1051
453
552
1052
454
553
1053
455
554
1054
456
555
1055
457
556
1056
458
557
1057
459
558
1058
460
559
1059
461
560
1060
462
561
1061
463
562
1062
464
563
1063
465
564
1064
466
565
1065
467
566
1066
468
567
1067
469
568
1068
470
569
1069
471
570
1070
472
571
1071
473
572
1072
474
573
1073
475
574
1074
476
575
1075
477
576
1076
478
577
1077
479
578
1078
480
579
1079
481
580
1080
482
581
1081
483
582
1082
484
583
1083
485
584
1084
486
585
1085
487
586
1086
488
587
1087
489
588
1088
490
589
1089
491
590
1090
492
591
1091
493
592
1092
494
593
1093
495
594
1094
496
595
1095
497
596
1096
498
597
1097
499
598
1098
599
1099
501
600
1100
502
601
1101
503
602
1102
504
603
1103
505
604
1104
506
605
1105
507
606
1106
508
607
1107
509
608
1108
510
609
1109
511
610
1110
512
611
1111
513
612
1112
514
613
1113
515
614
1114
516
615
1115
517
616
1116
518
617
1117
519
618
1118
520
619
1119
521
620
1120
522
621
1121
523
622
1122
524
623
1123
525
624
1124
526
625
1125
527
626
1126
528
627
1127
529
628
1128
530
629
1129
531
630
1130
532
631
1131
533
632
1132
534
633
1133
535
634
1134
536
635
1135
537
636
1136
538
637
1137
539
638
1138
540
639
1139
541
640
1140
542
641
1141
543
642
1142
544
643
1143
545
644
1144
546
645
1145
547
646
1146
548
647
1147
549
648
1148
550
649
1149
551
650
1150
552
651
1151
553
652
1152
554
653
1153
555
654
1154
556
655
1155
557
656
1156
558
657
1157
559
658
1158
560
659
1159
561
660
1160
562
661
1161
563
662
1162
564
663
1163
565
664
1164
566
665
1165
567
666
1166
568
667
1167
569
668
1168
570
669
1169
571
670
1170
572
671
1171
573
672
1172
574
673
1173
575
674
1174
576
675
1175
577
676
1176
578
677
1177
579
678
1178
580
679
1179
581
680
1180
582
681
1181
583
682
1182
584
683
1183
585
684
1184
586
685
1185
587
686
1186
588
687
1187
589
688
1188
590
689
1189
591
690
1190
592
691
1191
593
692
1192
594
693
1193
595
694
1194
596
695
1195
597
696
1196
598
697
1197
599
698
1198
699
1199
601
700
1200
602
701
1201
603
702
1202
604
703
1203
605
704
1204
606
705
1205
607
706
1206
608
707
1207
609
708
1208
610
709
1209
611
710
1210
612
711
1211
613
712
1212
614
713
1213
615
714
1214
616
715
1215
617
716
1216
618
717
1217
619
718
1218
620
719
1219
621
720
1220
622
721
1221
623
722
1222
624
723
1223
625
724
1224
626
725
1225
627
726
1226
628
727
1227
629
728
1228
630
729
1229
631
730
1230
632
731
1231
633
732
1232
634
733
1233
635
734
1234
636
735
1235
637
736
1236
638
737
1237
639
738
1238
640
739
1239
641
740
1240
642
741
1241
643
742
1242
644
743
1243
645
744
1244
646
745
1245
647
746
1246
648
747
1247
649
748
1248
650
749
1249
651
750
1250
652
751
1251
653
752
1252
654
753
1253
655
754
1254
656
755
1255
657
756
1256
658
757
1257
659
758
1258
660
759
1259
661
760
1260
662
761
1261
663
762
1262
664
763
1263
665
764
1264
666
765
1265
667
766
1266
668
767
1267
669
768
1268
670
769
1269
671
770
1270
672
771
1271
673
772
1272
674
773
1273
675
774
1274
676
775
1275
677
776
1276
678
777
1277
679
778
1278
680
779
1279
681
780
1280
682
781
1281
683
782
1282
684
783
1283
685
784
1284
686
785
1285
687
786
1286
688
787
1287
689
788
1288
690
789
1289
691
790
1290
692
791
1291
693
792
1292
694
793
1293
695
794
1294
696
795
1295
697
796
1296
698
797
1297
699
798
1298
799
1299
701
1300
702
1301
703
1302
704
1303
705
1304
706
1305
707
1306
708
1307
709
1308
710
1309
711
1310
712
1311
713
1312
714
1313
715
1314
716
1315
717
1316
718
1317
719
1318
720
1319
721
1320
722
1321
723
1322
724
1323
725
1324
726
1325
727
1326
728
1327
729
1328
730
1329
731
1330
732
1331
733
1332
734
1333
735
1334
736
1335
737
1336
738
1337
739
1338
740
1339
741
1340
742
1341
743
1342
744
1343
745
1344
746
1345
747
1346
748
1347
749
1348
750
1349
751
1350
752
1351
753
1352
754
1353
755
1354
756
1355
757
1356
758
1357
759
1358
760
1359
761
1360
762
1361
763
1362
764
1363
765
1364
766
1365
767
1366
768
1367
769
1368
770
1369
771
1370
772
1371
773
1372
774
1373
775
1374
776
1375
777
1376
778
1377
779
1378
780
1379
781
1380
782
1381
783
1382
784
1383
785
1384
786
1385
787
1386
788
1387
789
1388
790
1389
791
1390
792
1391
793
1392
794
1393
795
1394
796
1395
797
1396
798
1397
799
1398
1399
801
900
1500
802
901
1501
803
902
1502
804
903
1503
805
904
1504
806
905
1505
807
906
1506
808
907
1507
809
908
1508
810
909
1509
811
910
1510
812
911
1511
813
912
1512
814
913
1513
815
914
1514
816
915
1515
817
916
1516
818
917
1517
819
918
1518
820
919
1519
821
920
1520
822
921
1521
823
922
1522
824
923
1523
825
924
1524
826
925
1525
827
926
1526
828
927
1527
829
928
1528
830
929
1529
831
930
1530
832
931
1531
833
932
1532
834
933
1533
835
934
1534
836
935
1535
837
936
1536
838
937
1537
839
938
1538
840
939
1539
841
940
1540
842
941
1541
843
942
1542
844
943
1543
845
944
1544
846
945
1545
847
946
1546
848
947
1547
849
948
1548
850
949
1549
851
950
1550
852
951
1551
853
952
1552
854
953
1553
855
954
1554
856
955
1555
857
956
1556
858
957
1557
859
958
1558
860
959
1559
861
960
1560
862
961
1561
863
962
1562
864
963
1563
865
964
1564
866
965
1565
867
966
1566
868
967
1567
869
968
1568
870
969
1569
871
970
1570
872
971
1571
873
972
1572
874
973
1573
875
974
1574
876
975
1575
877
976
1576
878
977
1577
879
978
1578
880
979
1579
881
980
1580
882
981
1581
883
982
1582
884
983
1583
885
984
1584
886
985
1585
887
986
1586
888
987
1587
889
988
1588
890
989
1589
891
990
1590
892
991
1591
893
992
1592
894
993
1593
895
994
1594
896
995
1595
897
996
1596
898
997
1597
899
998
1598
999
1599
901
1000
1600
902
1001
1601
903
1002
1602
904
1003
1603
905
1004
1604
906
1005
1605
907
1006
1606
908
1007
1607
909
1008
1608
910
1009
1609
911
1010
1610
912
1011
1611
913
1012
1612
914
1013
1613
915
1014
1614
916
1015
1615
917
1016
1616
918
1017
1617
919
1018
1618
920
1019
1619
921
1020
1620
922
1021
1621
923
1022
1622
924
1023
1623
925
1024
1624
926
1025
1625
927
1026
1626
928
1027
1627
929
1028
1628
930
1029
1629
931
1030
1630
932
1031
1631
933
1032
1632
934
1033
1633
935
1034
1634
936
1035
1635
937
1036
1636
938
1037
1637
939
1038
1638
940
1039
1639
941
1040
1640
942
1041
1641
943
1042
1642
944
1043
1643
945
1044
1644
946
1045
1645
947
1046
1646
948
1047
1647
949
1048
1648
950
1049
1649
951
1050
1650
952
1051
1651
953
1052
1652
954
1053
1653
955
1054
1654
956
1055
1655
957
1056
1656
958
1057
1657
959
1058
1658
960
1059
1659
961
1060
1660
962
1061
1661
963
1062
1662
964
1063
1663
965
1064
1664
966
1065
1665
967
1066
1666
968
1067
1667
969
1068
1668
970
1069
1669
971
1070
1670
972
1071
1671
973
1072
1672
974
1073
1673
975
1074
1674
976
1075
1675
977
1076
1676
978
1077
1677
979
1078
1678
980
1079
1679
981
1080
1680
982
1081
1681
983
1082
1682
984
1083
1683
985
1084
1684
986
1085
1685
987
1086
1686
988
1087
1687
989
1088
1688
990
1089
1689
991
1090
1690
992
1091
1691
993
1092
1692
994
1093
1693
995
1094
1694
996
1095
1695
997
1096
1696
998
1097
1697
999
1098
1698
1099
1699
1001
1100
1700
1002
1101
1701
1003
1102
1702
1004
1103
1703
1005
1104
1704
1006
1105
1705
1007
1106
1706
1008
1107
1707
1009
1108
1708
1010
1109
1709
1011
1110
1710
1012
1111
1711
1013
1112
1712
1014
1113
1713
1015
1114
1714
1016
1115
1715
1017
1116
1716
1018
1117
1717
1019
1118
1718
1020
1119
1719
1021
1120
1720
1022
1121
1721
1023
1122
1722
1024
1123
1723
1025
1124
1724
1026
1125
1725
1027
1126
1726
1028
1127
1727
1029
1128
1728
1030
1129
1729
1031
1130
1730
1032
1131
1731
1033
1132
1732
1034
1133
1733
1035
1134
1734
1036
1135
1735
1037
1136
1736
1038
1137
1737
1039
1138
1738
1040
1139
1739
1041
1140
1740
1042
1141
1741
1043
1142
1742
1044
1143
1743
1045
1144
1744
1046
1145
1745
1047
1146
1746
1048
1147
1747
1049
1148
1748
1050
1149
1749
1051
1150
1750
1052
1151
1751
1053
1152
1752
1054
1153
1753
1055
1154
1754
1056
1155
1755
1057
1156
1756
1058
1157
1757
1059
1158
1758
1060
1159
1759
1061
1160
1760
1062
1161
1761
1063
1162
1762
1064
1163
1763
1065
1164
1764
1066
1165
1765
1067
1166
1766
1068
1167
1767
1069
1168
1768
1070
1169
1769
1071
1170
1770
1072
1171
1771
1073
1172
1772
1074
1173
1773
1075
1174
1774
1076
1175
1775
1077
1176
1776
1078
1177
1777
1079
1178
1778
1080
1179
1779
1081
1180
1780
1082
1181
1781
1083
1182
1782
1084
1183
1783
1085
1184
1784
1086
1185
1785
1087
1186
1786
1088
1187
1787
1089
1188
1788
1090
1189
1789
1091
1190
1790
1092
1191
1791
1093
1192
1792
1094
1193
1793
1095
1194
1794
1096
1195
1795
1097
1196
1796
1098
1197
1797
1099
1198
1798
1199
1799
1101
1200
1800
1102
1201
1801
1103
1202
1802
1104
1203
1803
1105
1204
1804
1106
1205
1805
1107
1206
1806
1108
1207
1807
1109
1208
1808
1110
1209
1809
1111
1210
1810
1112
1211
1811
1113
1212
1812
1114
1213
1813
1115
1214
1814
1116
1215
1815
1117
1216
1816
1118
1217
1817
1119
1218
1818
1120
1219
1819
1121
1220
1820
1122
1221
1821
1123
1222
1822
1124
1223
1823
1125
1224
1824
1126
1225
1825
1127
1226
1826
1128
1227
1827
1129
1228
1828
1130
1229
1829
1131
1230
1830
1132
1231
1831
1133
1232
1832
1134
1233
1833
1135
1234
1834
1136
1235
1835
1137
1236
1836
1138
1237
1837
1139
1238
1838
1140
1239
1839
1141
1240
1840
1142
1241
1841
1143
1242
1842
1144
1243
1843
1145
1244
1844
1146
1245
1845
1147
1246
1846
1148
1247
1847
1149
1248
1848
1150
1249
1849
1151
1250
1850
1152
1251
1851
1153
1252
1852
1154
1253
1853
1155
1254
1854
1156
1255
1855
1157
1256
1856
1158
1257
1857
1159
1258
1858
1160
1259
1859
1161
1260
1860
1162
1261
1861
1163
1262
1862
1164
1263
1863
1165
1264
1864
1166
1265
1865
1167
1266
1866
1168
1267
1867
1169
1268
1868
1170
1269
1869
1171
1270
1870
1172
1271
1871
1173
1272
1872
1174
1273
1873
1175
1274
1874
1176
1275
1875
1177
1276
1876
1178
1277
1877
1179
1278
1878
1180
1279
1879
1181
1280
1880
1182
1281
1881
1183
1282
1882
1184
1283
1883
1185
1284
1884
1186
1285
1885
1187
1286
1886
1188
1287
1887
1189
1288
1888
1190
1289
1889
1191
1290
1890
1192
1291
1891
1193
1292
1892
1194
1293
1893
1195
1294
1894
1196
1295
1895
1197
1296
1896
1198
1297
1897
1199
1298
1898
1299
1899
1201
1300
1900
1202
1301
1901
1203
1302
1902
1204
1303
1903
1205
1304
1904
1206
1305
1905
1207
1306
1906
1208
1307
1907
1209
1308
1908
1210
1309
1909
1211
1310
1910
1212
1311
1911
1213
1312
1912
1214
1313
1913
1215
1314
1914
1216
1315
1915
1217
1316
1916
1218
1317
1917
1219
1318
1918
1220
1319
1919
1221
1320
1920
1222
1321
1921
1223
1322
1922
1224
1323
1923
1225
1324
1924
1226
1325
1925
1227
1326
1926
1228
1327
1927
1229
1328
1928
1230
1329
1929
1231
1330
1930
1232
1331
1931
1233
1332
1932
1234
1333
1933
1235
1334
1934
1236
1335
1935
1237
1336
1936
1238
1337
1937
1239
1338
1938
1240
1339
1939
1241
1340
1940
1242
1341
1941
1243
1342
1942
1244
1343
1943
1245
1344
1944
1246
1345
1945
1247
1346
1946
1248
1347
1947
1249
1348
1948
1250
1349
1949
1251
1350
1950
1252
1351
1951
1253
1352
1952
1254
1353
1953
1255
1354
1954
1256
1355
1955
1257
1356
1956
1258
1357
1957
1259
1358
1958
1260
1359
1959
1261
1360
1960
1262
1361
1961
1263
1362
1962
1264
1363
1963
1265
1364
1964
1266
1365
1965
1267
1366
1966
1268
1367
1967
1269
1368
1968
1270
1369
1969
1271
1370
1970
1272
1371
1971
1273
1372
1972
1274
1373
1973
1275
1374
1974
1276
1375
1975
1277
1376
1976
1278
1377
1977
1279
1378
1978
1280
1379
1979
1281
1380
1980
1282
1381
1981
1283
1382
1982
1284
1383
1983
1285
1384
1984
1286
1385
1985
1287
1386
1986
1288
1387
1987
1289
1388
1988
1290
1389
1989
1291
1390
1990
1292
1391
1991
1293
1392
1992
1294
1393
1993
1295
1394
1994
1296
1395
1995
1297
1396
1996
1298
1397
1997
1299
1398
1998
1399
1999
1301
1400
2000
1302
1401
2001
1303
1402
2002
1304
1403
2003
1305
1404
2004
1306
1405
2005
1307
1406
2006
1308
1407
2007
1309
1408
2008
1310
1409
2009
1311
1410
2010
1312
1411
2011
1313
1412
2012
1314
1413
2013
1315
1414
2014
1316
1415
2015
1317
1416
2016
1318
1417
2017
1319
1418
2018
1320
1419
2019
1321
1420
2020
1322
1421
2021
1323
1422
2022
1324
1423
2023
1325
1424
2024
1326
1425
2025
1327
1426
2026
1328
1427
2027
1329
1428
2028
1330
1429
2029
1331
1430
2030
1332
1431
2031
1333
1432
2032
1334
1433
2033
1335
1434
2034
1336
1435
2035
1337
1436
2036
1338
1437
2037
1339
1438
2038
1340
1439
2039
1341
1440
2040
1342
1441
2041
1343
1442
2042
1344
1443
2043
1345
1444
2044
1346
1445
2045
1347
1446
2046
1348
1447
2047
1349
1448
2048
1350
1449
2049
1351
1450
2050
1352
1451
2051
1353
1452
2052
1354
1453
2053
1355
1454
2054
1356
1455
2055
1357
1456
2056
1358
1457
2057
1359
1458
2058
1360
1459
2059
1361
1460
2060
1362
1461
2061
1363
1462
2062
1364
1463
2063
1365
1464
2064
1366
1465
2065
1367
1466
2066
1368
1467
2067
1369
1468
2068
1370
1469
2069
1371
1470
2070
1372
1471
2071
1373
1472
2072
1374
1473
2073
1375
1474
2074
1376
1475
2075
1377
1476
2076
1378
1477
2077
1379
1478
2078
1380
1479
2079
1381
1480
2080
1382
1481
2081
1383
1482
2082
1384
1483
2083
1385
1484
2084
1386
1485
2085
1387
1486
2086
1388
1487
2087
1389
1488
2088
1390
1489
2089
1391
1490
2090
1392
1491
2091
1393
1492
2092
1394
1493
2093
1395
1494
2094
1396
1495
2095
1397
1496
2096
1398
1497
2097
1399
1498
2098
1499
2099
1401
2100
1402
2101
1403
2102
1404
2103
1405
2104
1406
2105
1407
2106
1408
2107
1409
2108
1410
2109
1411
2110
1412
2111
1413
2112
1414
2113
1415
2114
1416
2115
1417
2116
1418
2117
1419
2118
1420
2119
1421
2120
1422
2121
1423
2122
1424
2123
1425
2124
1426
2125
1427
2126
1428
2127
1429
2128
1430
2129
1431
2130
1432
2131
1433
2132
1434
2133
1435
2134
1436
2135
1437
2136
1438
2137
1439
2138
1440
2139
1441
2140
1442
2141
1443
2142
1444
2143
1445
2144
1446
2145
1447
2146
1448
2147
1449
2148
1450
2149
1451
2150
1452
2151
1453
2152
1454
2153
1455
2154
1456
2155
1457
2156
1458
2157
1459
2158
1460
2159
1461
2160
1462
2161
1463
2162
1464
2163
1465
2164
1466
2165
1467
2166
1468
2167
1469
2168
1470
2169
1471
2170
1472
2171
1473
2172
1474
2173
1475
2174
1476
2175
1477
2176
1478
2177
1479
2178
1480
2179
1481
2180
1482
2181
1483
2182
1484
2183
1485
2184
1486
2185
1487
2186
1488
2187
1489
2188
1490
2189
1491
2190
1492
2191
1493
2192
1494
2193
1495
2194
1496
2195
1497
2196
1498
2197
1499
2198
2199
1501
1600
2200
1502
1601
2201
1503
1602
2202
1504
1603
2203
1505
1604
2204
1506
1605
2205
1507
1606
2206
1508
1607
2207
1509
1608
2208
1510
1609
2209
1511
1610
2210
1512
1611
2211
1513
1612
2212
1514
1613
2213
1515
1614
2214
1516
1615
2215
1517
1616
2216
1518
1617
2217
1519
1618
2218
1520
1619
2219
1521
1620
2220
1522
1621
2221
1523
1622
2222
1524
1623
2223
1525
1624
2224
1526
1625
2225
1527
1626
2226
1528
1627
2227
1529
1628
2228
1530
1629
2229
1531
1630
2230
1532
1631
2231
1533
1632
2232
1534
1633
2233
1535
1634
2234
1536
1635
2235
1537
1636
2236
1538
1637
2237
1539
1638
2238
1540
1639
2239
1541
1640
2240
1542
1641
2241
1543
1642
2242
1544
1643
2243
1545
1644
2244
1546
1645
2245
1547
1646
2246
1548
1647
2247
1549
1648
2248
1550
1649
2249
1551
1650
2250
1552
1651
2251
1553
1652
2252
1554
1653
2253
1555
1654
2254
1556
1655
2255
1557
1656
2256
1558
1657
2257
1559
1658
2258
1560
1659
2259
1561
1660
2260
1562
1661
2261
1563
1662
2262
1564
1663
2263
1565
1664
2264
1566
1665
2265
1567
1666
2266
1568
1667
2267
1569
1668
2268
1570
1669
2269
1571
1670
2270
1572
1671
2271
1573
1672
2272
1574
1673
2273
1575
1674
2274
1576
1675
2275
1577
1676
2276
1578
1677
2277
1579
1678
2278
1580
1679
2279
1581
1680
2280
1582
1681
2281
1583
1682
2282
1584
1683
2283
1585
1684
2284
1586
1685
2285
1587
1686
2286
1588
1687
2287
1589
1688
2288
1590
1689
2289
1591
1690
2290
1592
1691
2291
1593
1692
2292
1594
1693
2293
1595
1694
2294
1596
1695
2295
1597
1696
2296
1598
1697
2297
1599
1698
2298
1699
2299
1601
1700
2300
1602
1701
2301
1603
1702
2302
1604
1703
2303
1605
1704
2304
1606
1705
2305
1607
1706
2306
1608
1707
2307
1609
1708
2308
1610
1709
2309
1611
1710
2310
1612
1711
2311
1613
1712
2312
1614
1713
2313
1615
1714
2314
1616
1715
2315
1617
1716
2316
1618
1717
2317
1619
1718
2318
1620
1719
2319
1621
1720
2320
1622
1721
2321
1623
1722
2322
1624
1723
2323
1625
1724
2324
1626
1725
2325
1627
1726
2326
1628
1727
2327
1629
1728
2328
1630
1729
2329
1631
1730
2330
1632
1731
2331
1633
1732
2332
1634
1733
2333
1635
1734
2334
1636
1735
2335
1637
1736
2336
1638
1737
2337
1639
1738
2338
1640
1739
2339
1641
1740
2340
1642
1741
2341
1643
1742
2342
1644
1743
2343
1645
1744
2344
1646
1745
2345
1647
1746
2346
1648
1747
2347
1649
1748
2348
1650
1749
2349
1651
1750
2350
1652
1751
2351
1653
1752
2352
1654
1753
2353
1655
1754
2354
1656
1755
2355
1657
1756
2356
1658
1757
2357
1659
1758
2358
1660
1759
2359
1661
1760
2360
1662
1761
2361
1663
1762
2362
1664
1763
2363
1665
1764
2364
1666
1765
2365
1667
1766
2366
1668
1767
2367
1669
1768
2368
1670
1769
2369
1671
1770
2370
1672
1771
2371
1673
1772
2372
1674
1773
2373
1675
1774
2374
1676
1775
2375
1677
1776
2376
1678
1777
2377
1679
1778
2378
1680
1779
2379
1681
1780
2380
1682
1781
2381
1683
1782
2382
1684
1783
2383
1685
1784
2384
1686
1785
2385
1687
1786
2386
1688
1787
2387
1689
1788
2388
1690
1789
2389
1691
1790
2390
1692
1791
2391
1693
1792
2392
1694
1793
2393
1695
1794
2394
1696
1795
2395
1697
1796
2396
1698
1797
2397
1699
1798
2398
1799
2399
1701
1800
2400
1702
1801
2401
1703
1802
2402
1704
1803
2403
1705
1804
2404
1706
1805
2405
1707
1806
2406
1708
1807
2407
1709
1808
2408
1710
1809
2409
1711
1810
2410
1712
1811
2411
1713
1812
2412
1714
1813
2413
1715
1814
2414
1716
1815
2415
1717
1816
2416
1718
1817
2417
1719
1818
2418
1720
1819
2419
1721
1820
2420
1722
1821
2421
1723
1822
2422
1724
1823
2423
1725
1824
2424
1726
1825
2425
1727
1826
2426
1728
1827
2427
1729
1828
2428
1730
1829
2429
1731
1830
2430
1732
1831
2431
1733
1832
2432
1734
1833
2433
1735
1834
2434
1736
1835
2435
1737
1836
2436
1738
1837
2437
1739
1838
2438
1740
1839
2439
1741
1840
2440
1742
1841
2441
1743
1842
2442
1744
1843
2443
1745
1844
2444
1746
1845
2445
1747
1846
2446
1748
1847
2447
1749
1848
2448
1750
1849
2449
1751
1850
2450
1752
1851
2451
1753
1852
2452
1754
1853
2453
1755
1854
2454
1756
1855
2455
1757
1856
2456
1758
1857
2457
1759
1858
2458
1760
1859
2459
1761
1860
2460
1762
1861
2461
1763
1862
2462
1764
1863
2463
1765
1864
2464
1766
1865
2465
1767
1866
2466
1768
1867
2467
1769
1868
2468
1770
1869
2469
1771
1870
2470
1772
1871
2471
1773
1872
2472
1774
1873
2473
1775
1874
2474
1776
1875
2475
1777
1876
2476
1778
1877
2477
1779
1878
2478
1780
1879
2479
1781
1880
2480
1782
1881
2481
1783
1882
2482
1784
1883
2483
1785
1884
2484
1786
1885
2485
1787
1886
2486
1788
1887
2487
1789
1888
2488
1790
1889
2489
1791
1890
2490
1792
1891
2491
1793
1892
2492
1794
1893
2493
1795
1894
2494
1796
1895
2495
1797
1896
2496
1798
1897
2497
1799
1898
2498
1899
2499
1801
1900
2500
1802
1901
2501
1803
1902
2502
1804
1903
2503
1805
1904
2504
1806
1905
2505
1807
1906
2506
1808
1907
2507
1809
1908
2508
1810
1909
2509
1811
1910
2510
1812
1911
2511
1813
1912
2512
1814
1913
2513
1815
1914
2514
1816
1915
2515
1817
1916
2516
1818
1917
2517
1819
1918
2518
1820
1919
2519
1821
1920
2520
1822
1921
2521
1823
1922
2522
1824
1923
2523
1825
1924
2524
1826
1925
2525
1827
1926
2526
1828
1927
2527
1829
1928
2528
1830
1929
2529
1831
1930
2530
1832
1931
2531
1833
1932
2532
1834
1933
2533
1835
1934
2534
1836
1935
2535
1837
1936
2536
1838
1937
2537
1839
1938
2538
1840
1939
2539
1841
1940
2540
1842
1941
2541
1843
1942
2542
1844
1943
2543
1845
1944
2544
1846
1945
2545
1847
1946
2546
1848
1947
2547
1849
1948
2548
1850
1949
2549
1851
1950
2550
1852
1951
2551
1853
1952
2552
1854
1953
2553
1855
1954
2554
1856
1955
2555
1857
1956
2556
1858
1957
2557
1859
1958
2558
1860
1959
2559
1861
1960
2560
1862
1961
2561
1863
1962
2562
1864
1963
2563
1865
1964
2564
1866
1965
2565
1867
1966
2566
1868
1967
2567
1869
1968
2568
1870
1969
2569
1871
1970
2570
1872
1971
2571
1873
1972
2572
1874
1973
2573
1875
1974
2574
1876
1975
2575
1877
1976
2576
1878
1977
2577
1879
1978
2578
1880
1979
2579
1881
1980
2580
1882
1981
2581
1883
1982
2582
1884
1983
2583
1885
1984
2584
1886
1985
2585
1887
1986
2586
1888
1987
2587
1889
1988
2588
1890
1989
2589
1891
1990
2590
1892
1991
2591
1893
1992
2592
1894
1993
2593
1895
1994
2594
1896
1995
2595
1897
1996
2596
1898
1997
2597
1899
1998
2598
1999
2599
1901
2000
2600
1902
2001
2601
1903
2002
2602
1904
2003
2603
1905
2004
2604
1906
2005
2605
1907
2006
2606
1908
2007
2607
1909
2008
2608
1910
2009
2609
1911
2010
2610
1912
2011
2611
1913
2012
2612
1914
2013
2613
1915
2014
2614
1916
2015
2615
1917
2016
2616
1918
2017
2617
1919
2018
2618
1920
2019
2619
1921
2020
2620
1922
2021
2621
1923
2022
2622
1924
2023
2623
1925
2024
2624
1926
2025
2625
1927
2026
2626
1928
2027
2627
1929
2028
2628
1930
2029
2629
1931
2030
2630
1932
2031
2631
1933
2032
2632
1934
2033
2633
1935
2034
2634
1936
2035
2635
1937
2036
2636
1938
2037
2637
1939
2038
2638
1940
2039
2639
1941
2040
2640
1942
2041
2641
1943
2042
2642
1944
2043
2643
1945
2044
2644
1946
2045
2645
1947
2046
2646
1948
2047
2647
1949
2048
2648
1950
2049
2649
1951
2050
2650
1952
2051
2651
1953
2052
2652
1954
2053
2653
1955
2054
2654
1956
2055
2655
1957
2056
2656
1958
2057
2657
1959
2058
2658
1960
2059
2659
1961
2060
2660
1962
2061
2661
1963
2062
2662
1964
2063
2663
1965
2064
2664
1966
2065
2665
1967
2066
2666
1968
2067
2667
1969
2068
2668
1970
2069
2669
1971
2070
2670
1972
2071
2671
1973
2072
2672
1974
2073
2673
1975
2074
2674
1976
2075
2675
1977
2076
2676
1978
2077
2677
1979
2078
2678
1980
2079
2679
1981
2080
2680
1982
2081
2681
1983
2082
2682
1984
2083
2683
1985
2084
2684
1986
2085
2685
1987
2086
2686
1988
2087
2687
1989
2088
2688
1990
2089
2689
1991
2090
2690
1992
2091
2691
1993
2092
2692
1994
2093
2693
1995
2094
2694
1996
2095
2695
1997
2096
2696
1998
2097
2697
1999
2098
2698
2099
2699
2001
2100
2700
2002
2101
2701
2003
2102
2702
2004
2103
2703
2005
2104
2704
2006
2105
2705
2007
2106
2706
2008
2107
2707
2009
2108
2708
2010
2109
2709
2011
2110
2710
2012
2111
2711
2013
2112
2712
2014
2113
2713
2015
2114
2714
2016
2115
2715
2017
2116
2716
2018
2117
2717
2019
2118
2718
2020
2119
2719
2021
2120
2720
2022
2121
2721
2023
2122
2722
2024
2123
2723
2025
2124
2724
2026
2125
2725
2027
2126
2726
2028
2127
2727
2029
2128
2728
2030
2129
2729
2031
2130
2730
2032
2131
2731
2033
2132
2732
2034
2133
2733
2035
2134
2734
2036
2135
2735
2037
2136
2736
2038
2137
2737
2039
2138
2738
2040
2139
2739
2041
2140
2740
2042
2141
2741
2043
2142
2742
2044
2143
2743
2045
2144
2744
2046
2145
2745
2047
2146
2746
2048
2147
2747
2049
2148
2748
2050
2149
2749
2051
2150
2750
2052
2151
2751
2053
2152
2752
2054
2153
2753
2055
2154
2754
2056
2155
2755
2057
2156
2756
2058
2157
2757
2059
2158
2758
2060
2159
2759
2061
2160
2760
2062
2161
2761
2063
2162
2762
2064
2163
2763
2065
2164
2764
2066
2165
2765
2067
2166
2766
2068
2167
2767
2069
2168
2768
2070
2169
2769
2071
2170
2770
2072
2171
2771
2073
2172
2772
2074
2173
2773
2075
2174
2774
2076
2175
2775
2077
2176
2776
2078
2177
2777
2079
2178
2778
2080
2179
2779
2081
2180
2780
2082
2181
2781
2083
2182
2782
2084
2183
2783
2085
2184
2784
2086
2185
2785
2087
2186
2786
2088
2187
2787
2089
2188
2788
2090
2189
2789
2091
2190
2790
2092
2191
2791
2093
2192
2792
2094
2193
2793
2095
2194
2794
2096
2195
2795
2097
2196
2796
2098
2197
2797
2099
2198
2798
2199
2799
2101
2800
2102
2801
2103
2802
2104
2803
2105
2804
2106
2805
2107
2806
2108
2807
2109
2808
2110
2809
2111
2810
2112
2811
2113
2812
2114
2813
2115
2814
2116
2815
2117
2816
2118
2817
2119
2818
2120
2819
2121
2820
2122
2821
2123
2822
2124
2823
2125
2824
2126
2825
2127
2826
2128
2827
2129
2828
2130
2829
2131
2830
2132
2831
2133
2832
2134
2833
2135
2834
2136
2835
2137
2836
2138
2837
2139
2838
2140
2839
2141
2840
2142
2841
2143
2842
2144
2843
2145
2844
2146
2845
2147
2846
2148
2847
2149
2848
2150
2849
2151
2850
2152
2851
2153
2852
2154
2853
2155
2854
2156
2855
2157
2856
2158
2857
2159
2858
2160
2859
2161
2860
2162
2861
2163
2862
2164
2863
2165
2864
2166
2865
2167
2866
2168
2867
2169
2868
2170
2869
2171
2870
2172
2871
2173
2872
2174
2873
2175
2874
2176
2875
2177
2876
2178
2877
2179
2878
2180
2879
2181
2880
2182
2881
2183
2882
2184
2883
2185
2884
2186
2885
2187
2886
2188
2887
2189
2888
2190
2889
2191
2890
2192
2891
2193
2892
2194
2893
2195
2894
2196
2895
2197
2896
2198
2897
2199
2898
2899
2201
2300
2202
2301
2203
2302
2204
2303
2205
2304
2206
2305
2207
2306
2208
2307
2209
2308
2210
2309
2211
2310
2212
2311
2213
2312
2214
2313
2215
2314
2216
2315
2217
2316
2218
2317
2219
2318
2220
2319
2221
2320
2222
2321
2223
2322
2224
2323
2225
2324
2226
2325
2227
2326
2228
2327
2229
2328
2230
2329
2231
2330
2232
2331
2233
2332
2234
2333
2235
2334
2236
2335
2237
2336
2238
2337
2239
2338
2240
2339
2241
2340
2242
2341
2243
2342
2244
2343
2245
2344
2246
2345
2247
2346
2248
2347
2249
2348
2250
2349
2251
2350
2252
2351
2253
2352
2254
2353
2255
2354
2256
2355
2257
2356
2258
2357
2259
2358
2260
2359
2261
2360
2262
2361
2263
2362
2264
2363
2265
2364
2266
2365
2267
2366
2268
2367
2269
2368
2270
2369
2271
2370
2272
2371
2273
2372
2274
2373
2275
2374
2276
2375
2277
2376
2278
2377
2279
2378
2280
2379
2281
2380
2282
2381
2283
2382
2284
2383
2285
2384
2286
2385
2287
2386
2288
2387
2289
2388
2290
2389
2291
2390
2292
2391
2293
2392
2294
2393
2295
2394
2296
2395
2297
2396
2298
2397
2299
2398
2399
2301
2400
2900
2302
2401
2901
2303
2402
2902
2304
2403
2903
2305
2404
2904
2306
2405
2905
2307
2406
2906
2308
2407
2907
2309
2408
2908
2310
2409
2909
2311
2410
2910
2312
2411
2911
2313
2412
2912
2314
2413
2913
2315
2414
2914
2316
2415
2915
2317
2416
2916
2318
2417
2917
2319
2418
2918
2320
2419
2919
2321
2420
2920
2322
2421
2921
2323
2422
2922
2324
2423
2923
2325
2424
2924
2326
2425
2925
2327
2426
2926
2328
2427
2927
2329
2428
2928
2330
2429
2929
2331
2430
2930
2332
2431
2931
2333
2432
2932
2334
2433
2933
2335
2434
2934
2336
2435
2935
2337
2436
2936
2338
2437
2937
2339
2438
2938
2340
2439
2939
2341
2440
2940
2342
2441
2941
2343
2442
2942
2344
2443
2943
2345
2444
2944
2346
2445
2945
2347
2446
2946
2348
2447
2947
2349
2448
2948
2350
2449
2949
2351
2450
2950
2352
2451
2951
2353
2452
2952
2354
2453
2953
2355
2454
2954
2356
2455
2955
2357
2456
2956
2358
2457
2957
2359
2458
2958
2360
2459
2959
2361
2460
2960
2362
2461
2961
2363
2462
2962
2364
2463
2963
2365
2464
2964
2366
2465
2965
2367
2466
2966
2368
2467
2967
2369
2468
2968
2370
2469
2969
2371
2470
2970
2372
2471
2971
2373
2472
2972
2374
2473
2973
2375
2474
2974
2376
2475
2975
2377
2476
2976
2378
2477
2977
2379
2478
2978
2380
2479
2979
2381
2480
2980
2382
2481
2981
2383
2482
2982
2384
2483
2983
2385
2484
2984
2386
2485
2985
2387
2486
2986
2388
2487
2987
2389
2488
2988
2390
2489
2989
2391
2490
2990
2392
2491
2991
2393
2492
2992
2394
2493
2993
2395
2494
2994
2396
2495
2995
2397
2496
2996
2398
2497
2997
2399
2498
2998
2499
2999
2401
2500
3000
2402
2501
3001
2403
2502
3002
2404
2503
3003
2405
2504
3004
2406
2505
3005
2407
2506
3006
2408
2507
3007
2409
2508
3008
2410
2509
3009
2411
2510
3010
2412
2511
3011
2413
2512
3012
2414
2513
3013
2415
2514
3014
2416
2515
3015
2417
2516
3016
2418
2517
3017
2419
2518
3018
2420
2519
3019
2421
2520
3020
2422
2521
3021
2423
2522
3022
2424
2523
3023
2425
2524
3024
2426
2525
3025
2427
2526
3026
2428
2527
3027
2429
2528
3028
2430
2529
3029
2431
2530
3030
2432
2531
3031
2433
2532
3032
2434
2533
3033
2435
2534
3034
2436
2535
3035
2437
2536
3036
2438
2537
3037
2439
2538
3038
2440
2539
3039
2441
2540
3040
2442
2541
3041
2443
2542
3042
2444
2543
3043
2445
2544
3044
2446
2545
3045
2447
2546
3046
2448
2547
3047
2449
2548
3048
2450
2549
3049
2451
2550
3050
2452
2551
3051
2453
2552
3052
2454
2553
3053
2455
2554
3054
2456
2555
3055
2457
2556
3056
2458
2557
3057
2459
2558
3058
2460
2559
3059
2461
2560
3060
2462
2561
3061
2463
2562
3062
2464
2563
3063
2465
2564
3064
2466
2565
3065
2467
2566
3066
2468
2567
3067
2469
2568
3068
2470
2569
3069
2471
2570
3070
2472
2571
3071
2473
2572
3072
2474
2573
3073
2475
2574
3074
2476
2575
3075
2477
2576
3076
2478
2577
3077
2479
2578
3078
2480
2579
3079
2481
2580
3080
2482
2581
3081
2483
2582
3082
2484
2583
3083
2485
2584
3084
2486
2585
3085
2487
2586
3086
2488
2587
3087
2489
2588
3088
2490
2589
3089
2491
2590
3090
2492
2591
3091
2493
2592
3092
2494
2593
3093
2495
2594
3094
2496
2595
3095
2497
2596
3096
2498
2597
3097
2499
2598
3098
2599
3099
2501
2600
3100
2502
2601
3101
2503
2602
3102
2504
2603
3103
2505
2604
3104
2506
2605
3105
2507
2606
3106
2508
2607
3107
2509
2608
3108
2510
2609
3109
2511
2610
3110
2512
2611
3111
2513
2612
3112
2514
2613
3113
2515
2614
3114
2516
2615
3115
2517
2616
3116
2518
2617
3117
2519
2618
3118
2520
2619
3119
2521
2620
3120
2522
2621
3121
2523
2622
3122
2524
2623
3123
2525
2624
3124
2526
2625
3125
2527
2626
3126
2528
2627
3127
2529
2628
3128
2530
2629
3129
2531
2630
3130
2532
2631
3131
2533
2632
3132
2534
2633
3133
2535
2634
3134
2536
2635
3135
2537
2636
3136
2538
2637
3137
2539
2638
3138
2540
2639
3139
2541
2640
3140
2542
2641
3141
2543
2642
3142
2544
2643
3143
2545
2644
3144
2546
2645
3145
2547
2646
3146
2548
2647
3147
2549
2648
3148
2550
2649
3149
2551
2650
3150
2552
2651
3151
2553
2652
3152
2554
2653
3153
2555
2654
3154
2556
2655
3155
2557
2656
3156
2558
2657
3157
2559
2658
3158
2560
2659
3159
2561
2660
3160
2562
2661
3161
2563
2662
3162
2564
2663
3163
2565
2664
3164
2566
2665
3165
2567
2666
3166
2568
2667
3167
2569
2668
3168
2570
2669
3169
2571
2670
3170
2572
2671
3171
2573
2672
3172
2574
2673
3173
2575
2674
3174
2576
2675
3175
2577
2676
3176
2578
2677
3177
2579
2678
3178
2580
2679
3179
2581
2680
3180
2582
2681
3181
2583
2682
3182
2584
2683
3183
2585
2684
3184
2586
2685
3185
2587
2686
3186
2588
2687
3187
2589
2688
3188
2590
2689
3189
2591
2690
3190
2592
2691
3191
2593
2692
3192
2594
2693
3193
2595
2694
3194
2596
2695
3195
2597
2696
3196
2598
2697
3197
2599
2698
3198
2699
3199
2601
2700
3200
2602
2701
3201
2603
2702
3202
2604
2703
3203
2605
2704
3204
2606
2705
3205
2607
2706
3206
2608
2707
3207
2609
2708
3208
2610
2709
3209
2611
2710
3210
2612
2711
3211
2613
2712
3212
2614
2713
3213
2615
2714
3214
2616
2715
3215
2617
2716
3216
2618
2717
3217
2619
2718
3218
2620
2719
3219
2621
2720
3220
2622
2721
3221
2623
2722
3222
2624
2723
3223
2625
2724
3224
2626
2725
3225
2627
2726
3226
2628
2727
3227
2629
2728
3228
2630
2729
3229
2631
2730
3230
2632
2731
3231
2633
2732
3232
2634
2733
3233
2635
2734
3234
2636
2735
3235
2637
2736
3236
2638
2737
3237
2639
2738
3238
2640
2739
3239
2641
2740
3240
2642
2741
3241
2643
2742
3242
2644
2743
3243
2645
2744
3244
2646
2745
3245
2647
2746
3246
2648
2747
3247
2649
2748
3248
2650
2749
3249
2651
2750
3250
2652
2751
3251
2653
2752
3252
2654
2753
3253
2655
2754
3254
2656
2755
3255
2657
2756
3256
2658
2757
3257
2659
2758
3258
2660
2759
3259
2661
2760
3260
2662
2761
3261
2663
2762
3262
2664
2763
3263
2665
2764
3264
2666
2765
3265
2667
2766
3266
2668
2767
3267
2669
2768
3268
2670
2769
3269
2671
2770
3270
2672
2771
3271
2673
2772
3272
2674
2773
3273
2675
2774
3274
2676
2775
3275
2677
2776
3276
2678
2777
3277
2679
2778
3278
2680
2779
3279
2681
2780
3280
2682
2781
3281
2683
2782
3282
2684
2783
3283
2685
2784
3284
2686
2785
3285
2687
2786
3286
2688
2787
3287
2689
2788
3288
2690
2789
3289
2691
2790
3290
2692
2791
3291
2693
2792
3292
2694
2793
3293
2695
2794
3294
2696
2795
3295
2697
2796
3296
2698
2797
3297
2699
2798
3298
2799
3299
2701
2800
3300
2702
2801
3301
2703
2802
3302
2704
2803
3303
2705
2804
3304
2706
2805
3305
2707
2806
3306
2708
2807
3307
2709
2808
3308
2710
2809
3309
2711
2810
3310
2712
2811
3311
2713
2812
3312
2714
2813
3313
2715
2814
3314
2716
2815
3315
2717
2816
3316
2718
2817
3317
2719
2818
3318
2720
2819
3319
2721
2820
3320
2722
2821
3321
2723
2822
3322
2724
2823
3323
2725
2824
3324
2726
2825
3325
2727
2826
3326
2728
2827
3327
2729
2828
3328
2730
2829
3329
2731
2830
3330
2732
2831
3331
2733
2832
3332
2734
2833
3333
2735
2834
3334
2736
2835
3335
2737
2836
3336
2738
2837
3337
2739
2838
3338
2740
2839
3339
2741
2840
3340
2742
2841
3341
2743
2842
3342
2744
2843
3343
2745
2844
3344
2746
2845
3345
2747
2846
3346
2748
2847
3347
2749
2848
3348
2750
2849
3349
2751
2850
3350
2752
2851
3351
2753
2852
3352
2754
2853
3353
2755
2854
3354
2756
2855
3355
2757
2856
3356
2758
2857
3357
2759
2858
3358
2760
2859
3359
2761
2860
3360
2762
2861
3361
2763
2862
3362
2764
2863
3363
2765
2864
3364
2766
2865
3365
2767
2866
3366
2768
2867
3367
2769
2868
3368
2770
2869
3369
2771
2870
3370
2772
2871
3371
2773
2872
3372
2774
2873
3373
2775
2874
3374
2776
2875
3375
2777
2876
3376
2778
2877
3377
2779
2878
3378
2780
2879
3379
2781
2880
3380
2782
2881
3381
2783
2882
3382
2784
2883
3383
2785
2884
3384
2786
2885
3385
2787
2886
3386
2788
2887
3387
2789
2888
3388
2790
2889
3389
2791
2890
3390
2792
2891
3391
2793
2892
3392
2794
2893
3393
2795
2894
3394
2796
2895
3395
2797
2896
3396
2798
2897
3397
2799
2898
3398
2899
3399
2801
2802
2803
2804
2805
2806
2807
2808
2809
2810
2811
2812
2813
2814
2815
2816
2817
2818
2819
2820
2821
2822
2823
2824
2825
2826
2827
2828
2829
2830
2831
2832
2833
2834
2835
2836
2837
2838
2839
2840
2841
2842
2843
2844
2845
2846
2847
2848
2849
2850
2851
2852
2853
2854
2855
2856
2857
2858
2859
2860
2861
2862
2863
2864
2865
2866
2867
2868
2869
2870
2871
2872
2873
2874
2875
2876
2877
2878
2879
2880
2881
2882
2883
2884
2885
2886
2887
2888
2889
2890
2891
2892
2893
2894
2895
2896
2897
2898
2899
2901
3000
2902
3001
2903
3002
2904
3003
2905
3004
2906
3005
2907
3006
2908
3007
2909
3008
2910
3009
2911
3010
2912
3011
2913
3012
2914
3013
2915
3014
2916
3015
2917
3016
2918
3017
2919
3018
2920
3019
2921
3020
2922
3021
2923
3022
2924
3023
2925
3024
2926
3025
2927
3026
2928
3027
2929
3028
2930
3029
2931
3030
2932
3031
2933
3032
2934
3033
2935
3034
2936
3035
2937
3036
2938
3037
2939
3038
2940
3039
2941
3040
2942
3041
2943
3042
2944
3043
2945
3044
2946
3045
2947
3046
2948
3047
2949
3048
2950
3049
2951
3050
2952
3051
2953
3052
2954
3053
2955
3054
2956
3055
2957
3056
2958
3057
2959
3058
2960
3059
2961
3060
2962
3061
2963
3062
2964
3063
2965
3064
2966
3065
2967
3066
2968
3067
2969
3068
2970
3069
2971
3070
2972
3071
2973
3072
2974
3073
2975
3074
2976
3075
2977
3076
2978
3077
2979
3078
2980
3079
2981
3080
2982
3081
2983
3082
2984
3083
2985
3084
2986
3085
2987
3086
2988
3087
2989
3088
2990
3089
2991
3090
2992
3091
2993
3092
2994
3093
2995
3094
2996
3095
2997
3096
2998
3097
2999
3098
3099
3001
3100
3400
3002
3101
3401
3003
3102
3402
3004
3103
3403
3005
3104
3404
3006
3105
3405
3007
3106
3406
3008
3107
3407
3009
3108
3408
3010
3109
3409
3011
3110
3410
3012
3111
3411
3013
3112
3412
3014
3113
3413
3015
3114
3414
3016
3115
3415
3017
3116
3416
3018
3117
3417
3019
3118
3418
3020
3119
3419
3021
3120
3420
3022
3121
3421
3023
3122
3422
3024
3123
3423
3025
3124
3424
3026
3125
3425
3027
3126
3426
3028
3127
3427
3029
3128
3428
3030
3129
3429
3031
3130
3430
3032
3131
3431
3033
3132
3432
3034
3133
3433
3035
3134
3434
3036
3135
3435
3037
3136
3436
3038
3137
3437
3039
3138
3438
3040
3139
3439
3041
3140
3440
3042
3141
3441
3043
3142
3442
3044
3143
3443
3045
3144
3444
3046
3145
3445
3047
3146
3446
3048
3147
3447
3049
3148
3448
3050
3149
3449
3051
3150
3450
3052
3151
3451
3053
3152
3452
3054
3153
3453
3055
3154
3454
3056
3155
3455
3057
3156
3456
3058
3157
3457
3059
3158
3458
3060
3159
3459
3061
3160
3460
3062
3161
3461
3063
3162
3462
3064
3163
3463
3065
3164
3464
3066
3165
3465
3067
3166
3466
3068
3167
3467
3069
3168
3468
3070
3169
3469
3071
3170
3470
3072
3171
3471
3073
3172
3472
3074
3173
3473
3075
3174
3474
3076
3175
3475
3077
3176
3476
3078
3177
3477
3079
3178
3478
3080
3179
3479
3081
3180
3480
3082
3181
3481
3083
3182
3482
3084
3183
3483
3085
3184
3484
3086
3185
3485
3087
3186
3486
3088
3187
3487
3089
3188
3488
3090
3189
3489
3091
3190
3490
3092
3191
3491
3093
3192
3492
3094
3193
3493
3095
3194
3494
3096
3195
3495
3097
3196
3496
3098
3197
3497
3099
3198
3498
3199
3499
3101
3200
3500
3102
3201
3501
3103
3202
3502
3104
3203
3503
3105
3204
3504
3106
3205
3505
3107
3206
3506
3108
3207
3507
3109
3208
3508
3110
3209
3509
3111
3210
3510
3112
3211
3511
3113
3212
3512
3114
3213
3513
3115
3214
3514
3116
3215
3515
3117
3216
3516
3118
3217
3517
3119
3218
3518
3120
3219
3519
3121
3220
3520
3122
3221
3521
3123
3222
3522
3124
3223
3523
3125
3224
3524
3126
3225
3525
3127
3226
3526
3128
3227
3527
3129
3228
3528
3130
3229
3529
3131
3230
3530
3132
3231
3531
3133
3232
3532
3134
3233
3533
3135
3234
3534
3136
3235
3535
3137
3236
3536
3138
3237
3537
3139
3238
3538
3140
3239
3539
3141
3240
3540
3142
3241
3541
3143
3242
3542
3144
3243
3543
3145
3244
3544
3146
3245
3545
3147
3246
3546
3148
3247
3547
3149
3248
3548
3150
3249
3549
3151
3250
3550
3152
3251
3551
3153
3252
3552
3154
3253
3553
3155
3254
3554
3156
3255
3555
3157
3256
3556
3158
3257
3557
3159
3258
3558
3160
3259
3559
3161
3260
3560
3162
3261
3561
3163
3262
3562
3164
3263
3563
3165
3264
3564
3166
3265
3565
3167
3266
3566
3168
3267
3567
3169
3268
3568
3170
3269
3569
3171
3270
3570
3172
3271
3571
3173
3272
3572
3174
3273
3573
3175
3274
3574
3176
3275
3575
3177
3276
3576
3178
3277
3577
3179
3278
3578
3180
3279
3579
3181
3280
3580
3182
3281
3581
3183
3282
3582
3184
3283
3583
3185
3284
3584
3186
3285
3585
3187
3286
3586
3188
3287
3587
3189
3288
3588
3190
3289
3589
3191
3290
3590
3192
3291
3591
3193
3292
3592
3194
3293
3593
3195
3294
3594
3196
3295
3595
3197
3296
3596
3198
3297
3597
3199
3298
3598
3299
3599
3201
3300
3600
3202
3301
3601
3203
3302
3602
3204
3303
3603
3205
3304
3604
3206
3305
3605
3207
3306
3606
3208
3307
3607
3209
3308
3608
3210
3309
3609
3211
3310
3610
3212
3311
3611
3213
3312
3612
3214
3313
3613
3215
3314
3614
3216
3315
3615
3217
3316
3616
3218
3317
3617
3219
3318
3618
3220
3319
3619
3221
3320
3620
3222
3321
3621
3223
3322
3622
3224
3323
3623
3225
3324
3624
3226
3325
3625
3227
3326
3626
3228
3327
3627
3229
3328
3628
3230
3329
3629
3231
3330
3630
3232
3331
3631
3233
3332
3632
3234
3333
3633
3235
3334
3634
3236
3335
3635
3237
3336
3636
3238
3337
3637
3239
3338
3638
3240
3339
3639
3241
3340
3640
3242
3341
3641
3243
3342
3642
3244
3343
3643
3245
3344
3644
3246
3345
3645
3247
3346
3646
3248
3347
3647
3249
3348
3648
3250
3349
3649
3251
3350
3650
3252
3351
3651
3253
3352
3652
3254
3353
3653
3255
3354
3654
3256
3355
3655
3257
3356
3656
3258
3357
3657
3259
3358
3658
3260
3359
3659
3261
3360
3660
3262
3361
3661
3263
3362
3662
3264
3363
3663
3265
3364
3664
3266
3365
3665
3267
3366
3666
3268
3367
3667
3269
3368
3668
3270
3369
3669
3271
3370
3670
3272
3371
3671
3273
3372
3672
3274
3373
3673
3275
3374
3674
3276
3375
3675
3277
3376
3676
3278
3377
3677
3279
3378
3678
3280
3379
3679
3281
3380
3680
3282
3381
3681
3283
3382
3682
3284
3383
3683
3285
3384
3684
3286
3385
3685
3287
3386
3686
3288
3387
3687
3289
3388
3688
3290
3389
3689
3291
3390
3690
3292
3391
3691
3293
3392
3692
3294
3393
3693
3295
3394
3694
3296
3395
3695
3297
3396
3696
3298
3397
3697
3299
3398
3698
3399
3699
3301
3302
3303
3304
3305
3306
3307
3308
3309
3310
3311
3312
3313
3314
3315
3316
3317
3318
3319
3320
3321
3322
3323
3324
3325
3326
3327
3328
3329
3330
3331
3332
3333
3334
3335
3336
3337
3338
3339
3340
3341
3342
3343
3344
3345
3346
3347
3348
3349
3350
3351
3352
3353
3354
3355
3356
3357
3358
3359
3360
3361
3362
3363
3364
3365
3366
3367
3368
3369
3370
3371
3372
3373
3374
3375
3376
3377
3378
3379
3380
3381
3382
3383
3384
3385
3386
3387
3388
3389
3390
3391
3392
3393
3394
3395
3396
3397
3398
3399
3401
3500
3402
3501
3403
3502
3404
3503
3405
3504
3406
3505
3407
3506
3408
3507
3409
3508
3410
3509
3411
3510
3412
3511
3413
3512
3414
3513
3415
3514
3416
3515
3417
3516
3418
3517
3419
3518
3420
3519
3421
3520
3422
3521
3423
3522
3424
3523
3425
3524
3426
3525
3427
3526
3428
3527
3429
3528
3430
3529
3431
3530
3432
3531
3433
3532
3434
3533
3435
3534
3436
3535
3437
3536
3438
3537
3439
3538
3440
3539
3441
3540
3442
3541
3443
3542
3444
3543
3445
3544
3446
3545
3447
3546
3448
3547
3449
3548
3450
3549
3451
3550
3452
3551
3453
3552
3454
3553
3455
3554
3456
3555
3457
3556
3458
3557
3459
3558
3460
3559
3461
3560
3462
3561
3463
3562
3464
3563
3465
3564
3466
3565
3467
3566
3468
3567
3469
3568
3470
3569
3471
3570
3472
3571
3473
3572
3474
3573
3475
3574
3476
3575
3477
3576
3478
3577
3479
3578
3480
3579
3481
3580
3482
3581
3483
3582
3484
3583
3485
3584
3486
3585
3487
3586
3488
3587
3489
3588
3490
3589
3491
3590
3492
3591
3493
3592
3494
3593
3495
3594
3496
3595
3497
3596
3498
3597
3499
3598
3599
3501
3600
3502
3601
3503
3602
3504
3603
3505
3604
3506
3605
3507
3606
3508
3607
3509
3608
3510
3609
3511
3610
3512
3611
3513
3612
3514
3613
3515
3614
3516
3615
3517
3616
3518
3617
3519
3618
3520
3619
3521
3620
3522
3621
3523
3622
3524
3623
3525
3624
3526
3625
3527
3626
3528
3627
3529
3628
3530
3629
3531
3630
3532
3631
3533
3632
3534
3633
3535
3634
3536
3635
3537
3636
3538
3637
3539
3638
3540
3639
3541
3640
3542
3641
3543
3642
3544
3643
3545
3644
3546
3645
3547
3646
3548
3647
3549
3648
3550
3649
3551
3650
3552
3651
3553
3652
3554
3653
3555
3654
3556
3655
3557
3656
3558
3657
3559
3658
3560
3659
3561
3660
3562
3661
3563
3662
3564
3663
3565
3664
3566
3665
3567
3666
3568
3667
3569
3668
3570
3669
3571
3670
3572
3671
3573
3672
3574
3673
3575
3674
3576
3675
3577
3676
3578
3677
3579
3678
3580
3679
3581
3680
3582
3681
3583
3682
3584
3683
3585
3684
3586
3685
3587
3686
3588
3687
3589
3688
3590
3689
3591
3690
3592
3691
3593
3692
3594
3693
3595
3694
3596
3695
3597
3696
3598
3697
3599
3698
3699
3601
3602
3603
3604
3605
3606
3607
3608
3609
3610
3611
3612
3613
3614
3615
3616
3617
3618
3619
3620
3621
3622
3623
3624
3625
3626
3627
3628
3629
3630
3631
3632
3633
3634
3635
3636
3637
3638
3639
3640
3641
3642
3643
3644
3645
3646
3647
3648
3649
3650
3651
3652
3653
3654
3655
3656
3657
3658
3659
3660
3661
3662
3663
3664
3665
3666
3667
3668
3669
3670
3671
3672
3673
3674
3675
3676
3677
3678
3679
3680
3681
3682
3683
3684
3685
3686
3687
3688
3689
3690
3691
3692
3693
3694
3695
3696
3697
3698
3699
)


// ************************************************************************* //
