/*--------------------------------*- C++ -*----------------------------------*\
| =========                 |                                                 |
| \\      /  F ield         | OpenFOAM: The Open Source CFD Toolbox           |
|  \\    /   O peration     | Version:  2412                                  |
|   \\  /    A nd           | Website:  www.openfoam.com                      |
|    \\/     M anipulation  |                                                 |
\*---------------------------------------------------------------------------*/
FoamFile
{
    version     2.0;
    format      ascii;
    arch        "LSB;label=32;scalar=64";
    class       volScalarField;
    location    "50";
    object      p;
}
// * * * * * * * * * * * * * * * * * * * * * * * * * * * * * * * * * * * * * //

dimensions      [0 2 -2 0 0 0 0];

internalField   nonuniform List<scalar> 
3700
(
0.000994818
0.000985031
0.000974968
0.000964994
0.000955007
0.000945001
0.000935002
0.000925003
0.000915003
0.000905003
0.000895004
0.000885004
0.000875004
0.000865004
0.000855004
0.000845005
0.000835005
0.000825005
0.000815005
0.000805005
0.000795005
0.000785005
0.000775005
0.000765005
0.000755005
0.000745005
0.000735005
0.000725005
0.000715005
0.000705005
0.000695005
0.000685005
0.000675005
0.000665005
0.000655005
0.000645005
0.000635005
0.000625005
0.000615005
0.000605004
0.000595004
0.000585004
0.000575004
0.000565004
0.000555004
0.000545004
0.000535004
0.000525004
0.000515004
0.000505004
0.000495003
0.000485003
0.000475003
0.000465003
0.000455003
0.000445003
0.000435003
0.000425003
0.000415003
0.000405003
0.000395003
0.000385003
0.000375003
0.000365003
0.000355003
0.000345003
0.000335003
0.000325003
0.000315003
0.000305003
0.000295003
0.000285003
0.000275003
0.000265003
0.000255003
0.000245003
0.000235003
0.000225002
0.000215002
0.000205002
0.000195002
0.000185002
0.000175002
0.000165002
0.000155002
0.000145002
0.000135001
0.000125001
0.000115001
0.000105001
9.50009e-05
8.50008e-05
7.50007e-05
6.50006e-05
5.50005e-05
4.50005e-05
3.50003e-05
2.50003e-05
1.50002e-05
5.00001e-06
0.000994819
0.000985037
0.000974959
0.000964994
0.000955008
0.000945
0.000935001
0.000925003
0.000915003
0.000905003
0.000895004
0.000885004
0.000875004
0.000865004
0.000855004
0.000845005
0.000835005
0.000825005
0.000815005
0.000805005
0.000795005
0.000785005
0.000775005
0.000765005
0.000755005
0.000745005
0.000735005
0.000725005
0.000715005
0.000705005
0.000695005
0.000685005
0.000675005
0.000665005
0.000655005
0.000645005
0.000635005
0.000625005
0.000615005
0.000605004
0.000595004
0.000585004
0.000575004
0.000565004
0.000555004
0.000545004
0.000535004
0.000525004
0.000515004
0.000505004
0.000495004
0.000485003
0.000475003
0.000465003
0.000455003
0.000445003
0.000435003
0.000425003
0.000415003
0.000405003
0.000395003
0.000385003
0.000375003
0.000365003
0.000355003
0.000345003
0.000335003
0.000325003
0.000315003
0.000305003
0.000295003
0.000285003
0.000275003
0.000265003
0.000255003
0.000245003
0.000235003
0.000225002
0.000215002
0.000205002
0.000195002
0.000185002
0.000175002
0.000165002
0.000155002
0.000145002
0.000135001
0.000125001
0.000115001
0.000105001
9.50009e-05
8.50008e-05
7.50007e-05
6.50006e-05
5.50005e-05
4.50005e-05
3.50003e-05
2.50003e-05
1.50002e-05
5.00002e-06
0.00099482
0.000985032
0.000974968
0.000964995
0.000955007
0.000945001
0.000935002
0.000925003
0.000915003
0.000905003
0.000895004
0.000885004
0.000875004
0.000865004
0.000855004
0.000845005
0.000835005
0.000825005
0.000815005
0.000805005
0.000795005
0.000785005
0.000775005
0.000765005
0.000755005
0.000745005
0.000735005
0.000725005
0.000715005
0.000705005
0.000695005
0.000685005
0.000675005
0.000665005
0.000655005
0.000645005
0.000635005
0.000625005
0.000615005
0.000605004
0.000595004
0.000585004
0.000575004
0.000565004
0.000555004
0.000545004
0.000535004
0.000525004
0.000515004
0.000505004
0.000495004
0.000485003
0.000475003
0.000465003
0.000455003
0.000445003
0.000435003
0.000425003
0.000415003
0.000405003
0.000395003
0.000385003
0.000375003
0.000365003
0.000355003
0.000345003
0.000335003
0.000325003
0.000315003
0.000305003
0.000295003
0.000285003
0.000275003
0.000265003
0.000255003
0.000245003
0.000235003
0.000225002
0.000215002
0.000205002
0.000195002
0.000185002
0.000175002
0.000165002
0.000155002
0.000145002
0.000135001
0.000125001
0.000115001
0.000105001
9.50009e-05
8.50008e-05
7.50007e-05
6.50006e-05
5.50005e-05
4.50005e-05
3.50004e-05
2.50003e-05
1.50002e-05
5.00001e-06
0.00099476
0.000985045
0.000974949
0.000964994
0.00095501
0.000944999
0.000935001
0.000925004
0.000915003
0.000905003
0.000895004
0.000885004
0.000875004
0.000865004
0.000855004
0.000845005
0.000835005
0.000825005
0.000815005
0.000805005
0.000795005
0.000785005
0.000775005
0.000765005
0.000755005
0.000745005
0.000735005
0.000725005
0.000715005
0.000705005
0.000695005
0.000685005
0.000675005
0.000665005
0.000655005
0.000645005
0.000635005
0.000625005
0.000615005
0.000605004
0.000595004
0.000585004
0.000575004
0.000565004
0.000555004
0.000545004
0.000535004
0.000525004
0.000515004
0.000505004
0.000495003
0.000485003
0.000475003
0.000465003
0.000455003
0.000445003
0.000435003
0.000425003
0.000415003
0.000405003
0.000395003
0.000385003
0.000375003
0.000365003
0.000355003
0.000345003
0.000335003
0.000325003
0.000315003
0.000305003
0.000295003
0.000285003
0.000275003
0.000265003
0.000255003
0.000245003
0.000235003
0.000225003
0.000215002
0.000205002
0.000195002
0.000185002
0.000175002
0.000165002
0.000155002
0.000145002
0.000135001
0.000125001
0.000115001
0.000105001
9.50009e-05
8.50008e-05
7.50007e-05
6.50006e-05
5.50005e-05
4.50004e-05
3.50003e-05
2.50003e-05
1.50002e-05
4.99999e-06
0.000994016
0.000985405
0.000974913
0.000964964
0.000955032
0.000944998
0.000934998
0.000925004
0.000915004
0.000905004
0.000895004
0.000885004
0.000875004
0.000865005
0.000855005
0.000845005
0.000835005
0.000825005
0.000815005
0.000805005
0.000795005
0.000785005
0.000775006
0.000765006
0.000755006
0.000745005
0.000735005
0.000725005
0.000715005
0.000705005
0.000695005
0.000685005
0.000675005
0.000665005
0.000655005
0.000645005
0.000635005
0.000625005
0.000615005
0.000605004
0.000595004
0.000585004
0.000575004
0.000565004
0.000555004
0.000545004
0.000535004
0.000525004
0.000515004
0.000505003
0.000495003
0.000485003
0.000475003
0.000465003
0.000455003
0.000445003
0.000435003
0.000425003
0.000415003
0.000405003
0.000395003
0.000385003
0.000375003
0.000365003
0.000355003
0.000345003
0.000335003
0.000325003
0.000315003
0.000305003
0.000295003
0.000285003
0.000275003
0.000265003
0.000255003
0.000245003
0.000235003
0.000225002
0.000215002
0.000205002
0.000195002
0.000185002
0.000175002
0.000165002
0.000155002
0.000145002
0.000135002
0.000125001
0.000115001
0.000105001
9.50009e-05
8.50007e-05
7.50007e-05
6.50006e-05
5.50005e-05
4.50005e-05
3.50003e-05
2.50004e-05
1.5e-05
4.99972e-06
0.000993958
0.000985589
0.000974871
0.00096495
0.00095504
0.000944997
0.000934996
0.000925004
0.000915004
0.000905003
0.000895004
0.000885004
0.000875004
0.000865004
0.000855005
0.000845005
0.000835005
0.000825005
0.000815005
0.000805005
0.000795005
0.000785005
0.000775006
0.000765006
0.000755005
0.000745005
0.000735005
0.000725005
0.000715005
0.000705005
0.000695005
0.000685005
0.000675005
0.000665005
0.000655005
0.000645005
0.000635005
0.000625005
0.000615005
0.000605004
0.000595004
0.000585004
0.000575004
0.000565004
0.000555004
0.000545004
0.000535004
0.000525004
0.000515004
0.000505003
0.000495003
0.000485003
0.000475003
0.000465003
0.000455003
0.000445003
0.000435003
0.000425003
0.000415003
0.000405003
0.000395003
0.000385003
0.000375003
0.000365003
0.000355003
0.000345003
0.000335003
0.000325003
0.000315003
0.000305003
0.000295003
0.000285003
0.000275003
0.000265003
0.000255003
0.000245003
0.000235003
0.000225002
0.000215002
0.000205002
0.000195002
0.000185002
0.000175002
0.000165002
0.000155002
0.000145002
0.000135002
0.000125001
0.000115001
0.000105001
9.50009e-05
8.50008e-05
7.50007e-05
6.50006e-05
5.50006e-05
4.50005e-05
3.50003e-05
2.50006e-05
1.50001e-05
4.9997e-06
0.000994026
0.000985409
0.000974908
0.000964966
0.000955033
0.000944998
0.000934998
0.000925005
0.000915004
0.000905004
0.000895004
0.000885004
0.000875004
0.000865004
0.000855004
0.000845005
0.000835005
0.000825005
0.000815005
0.000805005
0.000795005
0.000785005
0.000775005
0.000765005
0.000755005
0.000745005
0.000735005
0.000725005
0.000715005
0.000705005
0.000695005
0.000685005
0.000675005
0.000665005
0.000655005
0.000645005
0.000635005
0.000625005
0.000615005
0.000605004
0.000595004
0.000585004
0.000575004
0.000565004
0.000555004
0.000545004
0.000535004
0.000525004
0.000515004
0.000505004
0.000495003
0.000485003
0.000475003
0.000465003
0.000455003
0.000445003
0.000435003
0.000425003
0.000415003
0.000405003
0.000395003
0.000385003
0.000375003
0.000365003
0.000355003
0.000345003
0.000335003
0.000325003
0.000315003
0.000305003
0.000295003
0.000285003
0.000275003
0.000265003
0.000255003
0.000245003
0.000235003
0.000225002
0.000215002
0.000205002
0.000195002
0.000185002
0.000175002
0.000165002
0.000155002
0.000145002
0.000135002
0.000125001
0.000115001
0.000105001
9.50009e-05
8.50008e-05
7.50007e-05
6.50006e-05
5.50006e-05
4.50005e-05
3.50003e-05
2.50004e-05
1.5e-05
4.99972e-06
0.000994767
0.000985045
0.000974948
0.000964996
0.00095501
0.000944999
0.000935001
0.000925004
0.000915003
0.000905003
0.000895004
0.000885004
0.000875004
0.000865004
0.000855004
0.000845005
0.000835005
0.000825005
0.000815005
0.000805005
0.000795005
0.000785005
0.000775005
0.000765005
0.000755005
0.000745005
0.000735005
0.000725005
0.000715005
0.000705005
0.000695005
0.000685005
0.000675005
0.000665005
0.000655005
0.000645005
0.000635005
0.000625005
0.000615005
0.000605004
0.000595004
0.000585004
0.000575004
0.000565004
0.000555004
0.000545004
0.000535004
0.000525004
0.000515004
0.000505004
0.000495004
0.000485003
0.000475003
0.000465003
0.000455003
0.000445003
0.000435003
0.000425003
0.000415003
0.000405003
0.000395003
0.000385003
0.000375003
0.000365003
0.000355003
0.000345003
0.000335003
0.000325003
0.000315003
0.000305003
0.000295003
0.000285003
0.000275003
0.000265003
0.000255003
0.000245003
0.000235003
0.000225002
0.000215002
0.000205002
0.000195002
0.000185002
0.000175002
0.000165002
0.000155002
0.000145002
0.000135001
0.000125001
0.000115001
0.000105001
9.50009e-05
8.50008e-05
7.50007e-05
6.50006e-05
5.50005e-05
4.50005e-05
3.50003e-05
2.50003e-05
1.50002e-05
4.99999e-06
0.000994818
0.000985031
0.000974968
0.000964994
0.000955007
0.000945001
0.000935002
0.000925003
0.000915003
0.000905003
0.000895004
0.000885004
0.000875004
0.000865004
0.000855004
0.000845005
0.000835005
0.000825005
0.000815005
0.000805005
0.000795005
0.000785005
0.000775005
0.000765005
0.000755005
0.000745005
0.000735005
0.000725005
0.000715005
0.000705005
0.000695005
0.000685005
0.000675005
0.000665005
0.000655005
0.000645005
0.000635005
0.000625005
0.000615004
0.000605004
0.000595004
0.000585004
0.000575004
0.000565004
0.000555004
0.000545004
0.000535004
0.000525004
0.000515004
0.000505004
0.000495004
0.000485003
0.000475003
0.000465003
0.000455003
0.000445003
0.000435003
0.000425003
0.000415003
0.000405003
0.000395003
0.000385003
0.000375003
0.000365003
0.000355003
0.000345003
0.000335003
0.000325003
0.000315003
0.000305003
0.000295003
0.000285003
0.000275003
0.000265003
0.000255003
0.000245003
0.000235003
0.000225002
0.000215002
0.000205002
0.000195002
0.000185002
0.000175002
0.000165002
0.000155002
0.000145002
0.000135001
0.000125001
0.000115001
0.000105001
9.50009e-05
8.50008e-05
7.50007e-05
6.50006e-05
5.50005e-05
4.50005e-05
3.50004e-05
2.50003e-05
1.50002e-05
5.00001e-06
0.000994016
0.000985405
0.000974911
0.000964965
0.000955031
0.000944999
0.000934998
0.000925005
0.000915004
0.000905004
0.000895004
0.000885004
0.000875004
0.000865004
0.000855005
0.000845005
0.000835005
0.000825005
0.000815005
0.000805005
0.000795005
0.000785005
0.000775006
0.000765005
0.000755005
0.000745005
0.000735005
0.000725005
0.000715005
0.000705005
0.000695005
0.000685005
0.000675005
0.000665005
0.000655005
0.000645005
0.000635005
0.000625005
0.000615005
0.000605004
0.000595004
0.000585004
0.000575004
0.000565004
0.000555004
0.000545004
0.000535004
0.000525004
0.000515004
0.000505003
0.000495004
0.000485003
0.000475003
0.000465003
0.000455003
0.000445003
0.000435003
0.000425003
0.000415003
0.000405003
0.000395003
0.000385003
0.000375003
0.000365003
0.000355003
0.000345003
0.000335003
0.000325003
0.000315003
0.000305003
0.000295003
0.000285003
0.000275003
0.000265003
0.000255003
0.000245003
0.000235003
0.000225002
0.000215002
0.000205002
0.000195002
0.000185002
0.000175002
0.000165002
0.000155002
0.000145002
0.000135002
0.000125001
0.000115001
0.000105001
9.50009e-05
8.50007e-05
7.50007e-05
6.50006e-05
5.50006e-05
4.50004e-05
3.50003e-05
2.50004e-05
1.5e-05
4.99971e-06
0.000994029
0.000985847
0.000974802
0.000964956
0.000955064
0.000944996
0.000934994
0.000925005
0.000915004
0.000905003
0.000895004
0.000885004
0.000875004
0.000865004
0.000855004
0.000845005
0.000835005
0.000825005
0.000815005
0.000805005
0.000795005
0.000785005
0.000775005
0.000765005
0.000755005
0.000745005
0.000735005
0.000725005
0.000715005
0.000705005
0.000695005
0.000685005
0.000675005
0.000665005
0.000655005
0.000645005
0.000635005
0.000625005
0.000615005
0.000605004
0.000595004
0.000585004
0.000575004
0.000565004
0.000555004
0.000545004
0.000535004
0.000525004
0.000515004
0.000505004
0.000495004
0.000485003
0.000475003
0.000465003
0.000455003
0.000445003
0.000435003
0.000425003
0.000415003
0.000405003
0.000395003
0.000385003
0.000375003
0.000365003
0.000355003
0.000345003
0.000335003
0.000325003
0.000315003
0.000305003
0.000295003
0.000285003
0.000275003
0.000265003
0.000255003
0.000245003
0.000235003
0.000225002
0.000215002
0.000205002
0.000195002
0.000185002
0.000175002
0.000165002
0.000155002
0.000145002
0.000135002
0.000125001
0.000115001
0.000105001
9.50009e-05
8.50008e-05
7.50007e-05
6.50006e-05
5.50006e-05
4.50005e-05
3.50002e-05
2.50006e-05
1.50002e-05
4.99979e-06
0.000994178
0.000985841
0.000974697
0.000964963
0.000955077
0.000944992
0.000934992
0.000925006
0.000915004
0.000905003
0.000895003
0.000885004
0.000875004
0.000865004
0.000855004
0.000845005
0.000835005
0.000825005
0.000815005
0.000805005
0.000795005
0.000785005
0.000775005
0.000765005
0.000755005
0.000745005
0.000735005
0.000725005
0.000715005
0.000705005
0.000695005
0.000685005
0.000675005
0.000665005
0.000655005
0.000645005
0.000635005
0.000625005
0.000615005
0.000605004
0.000595004
0.000585004
0.000575004
0.000565004
0.000555004
0.000545004
0.000535004
0.000525004
0.000515004
0.000505004
0.000495003
0.000485003
0.000475003
0.000465003
0.000455003
0.000445003
0.000435003
0.000425003
0.000415003
0.000405003
0.000395003
0.000385003
0.000375003
0.000365003
0.000355003
0.000345003
0.000335003
0.000325003
0.000315003
0.000305003
0.000295003
0.000285003
0.000275003
0.000265003
0.000255003
0.000245003
0.000235003
0.000225002
0.000215002
0.000205002
0.000195002
0.000185002
0.000175002
0.000165002
0.000155002
0.000145002
0.000135002
0.000125001
0.000115001
0.000105001
9.50009e-05
8.50008e-05
7.50007e-05
6.50006e-05
5.50006e-05
4.50005e-05
3.50002e-05
2.50005e-05
1.50002e-05
4.99991e-06
0.000994032
0.000985831
0.000974791
0.00096496
0.000955067
0.000944994
0.000934994
0.000925005
0.000915005
0.000905003
0.000895004
0.000885004
0.000875004
0.000865004
0.000855004
0.000845005
0.000835005
0.000825005
0.000815005
0.000805005
0.000795005
0.000785005
0.000775005
0.000765005
0.000755005
0.000745005
0.000735005
0.000725005
0.000715005
0.000705005
0.000695005
0.000685005
0.000675005
0.000665005
0.000655005
0.000645005
0.000635005
0.000625005
0.000615004
0.000605004
0.000595004
0.000585004
0.000575004
0.000565004
0.000555004
0.000545004
0.000535004
0.000525004
0.000515004
0.000505004
0.000495003
0.000485003
0.000475003
0.000465003
0.000455003
0.000445003
0.000435003
0.000425003
0.000415003
0.000405003
0.000395003
0.000385003
0.000375003
0.000365003
0.000355003
0.000345003
0.000335003
0.000325003
0.000315003
0.000305003
0.000295003
0.000285003
0.000275003
0.000265003
0.000255003
0.000245003
0.000235003
0.000225002
0.000215002
0.000205002
0.000195002
0.000185002
0.000175002
0.000165002
0.000155002
0.000145002
0.000135001
0.000125001
0.000115001
0.000105001
9.50009e-05
8.50008e-05
7.50007e-05
6.50006e-05
5.50006e-05
4.50005e-05
3.50002e-05
2.50006e-05
1.50002e-05
4.9998e-06
0.000994025
0.000985403
0.000974903
0.000964971
0.000955033
0.000944998
0.000934997
0.000925005
0.000915004
0.000905004
0.000895004
0.000885004
0.000875004
0.000865005
0.000855004
0.000845005
0.000835005
0.000825005
0.000815005
0.000805005
0.000795005
0.000785005
0.000775006
0.000765005
0.000755006
0.000745005
0.000735006
0.000725005
0.000715005
0.000705005
0.000695005
0.000685005
0.000675005
0.000665005
0.000655005
0.000645005
0.000635005
0.000625005
0.000615005
0.000605004
0.000595004
0.000585004
0.000575004
0.000565004
0.000555004
0.000545004
0.000535004
0.000525004
0.000515004
0.000505003
0.000495004
0.000485003
0.000475003
0.000465003
0.000455003
0.000445003
0.000435004
0.000425003
0.000415003
0.000405003
0.000395003
0.000385003
0.000375003
0.000365003
0.000355003
0.000345003
0.000335003
0.000325003
0.000315003
0.000305003
0.000295003
0.000285003
0.000275003
0.000265003
0.000255003
0.000245003
0.000235003
0.000225002
0.000215003
0.000205002
0.000195002
0.000185002
0.000175002
0.000165002
0.000155002
0.000145001
0.000135002
0.000125001
0.000115001
0.000105001
9.5001e-05
8.50007e-05
7.50008e-05
6.50005e-05
5.50007e-05
4.50004e-05
3.50004e-05
2.50004e-05
1.50001e-05
4.9997e-06
0.000994823
0.000985031
0.000974966
0.000964996
0.000955008
0.000945001
0.000935002
0.000925004
0.000915003
0.000905003
0.000895004
0.000885004
0.000875004
0.000865004
0.000855004
0.000845005
0.000835005
0.000825005
0.000815005
0.000805005
0.000795005
0.000785005
0.000775005
0.000765005
0.000755005
0.000745005
0.000735005
0.000725005
0.000715005
0.000705005
0.000695005
0.000685005
0.000675005
0.000665005
0.000655005
0.000645005
0.000635005
0.000625005
0.000615005
0.000605004
0.000595004
0.000585004
0.000575004
0.000565004
0.000555004
0.000545004
0.000535004
0.000525004
0.000515004
0.000505004
0.000495004
0.000485003
0.000475003
0.000465003
0.000455003
0.000445003
0.000435003
0.000425003
0.000415003
0.000405003
0.000395003
0.000385003
0.000375003
0.000365003
0.000355003
0.000345003
0.000335003
0.000325003
0.000315003
0.000305003
0.000295003
0.000285003
0.000275003
0.000265003
0.000255003
0.000245003
0.000235003
0.000225002
0.000215002
0.000205002
0.000195002
0.000185002
0.000175002
0.000165002
0.000155002
0.000145002
0.000135001
0.000125001
0.000115001
0.000105001
9.50009e-05
8.50008e-05
7.50007e-05
6.50006e-05
5.50006e-05
4.50005e-05
3.50004e-05
2.50003e-05
1.50002e-05
5.00001e-06
0.000994819
0.000985037
0.000974958
0.000964993
0.000955008
0.000945001
0.000935001
0.000925004
0.000915003
0.000905004
0.000895004
0.000885004
0.000875004
0.000865004
0.000855004
0.000845005
0.000835005
0.000825005
0.000815005
0.000805005
0.000795005
0.000785005
0.000775005
0.000765005
0.000755005
0.000745005
0.000735005
0.000725005
0.000715005
0.000705005
0.000695005
0.000685005
0.000675005
0.000665005
0.000655005
0.000645005
0.000635005
0.000625005
0.000615005
0.000605004
0.000595004
0.000585004
0.000575004
0.000565004
0.000555004
0.000545004
0.000535004
0.000525004
0.000515004
0.000505004
0.000495004
0.000485003
0.000475003
0.000465003
0.000455003
0.000445003
0.000435003
0.000425003
0.000415003
0.000405003
0.000395003
0.000385003
0.000375003
0.000365003
0.000355003
0.000345003
0.000335003
0.000325003
0.000315003
0.000305003
0.000295003
0.000285003
0.000275003
0.000265003
0.000255003
0.000245003
0.000235003
0.000225002
0.000215002
0.000205002
0.000195002
0.000185002
0.000175002
0.000165002
0.000155002
0.000145002
0.000135001
0.000125001
0.000115001
0.000105001
9.5001e-05
8.50008e-05
7.50008e-05
6.50006e-05
5.50006e-05
4.50004e-05
3.50004e-05
2.50003e-05
1.50002e-05
5.00001e-06
0.000993959
0.000985586
0.000974871
0.000964948
0.00095504
0.000944996
0.000934997
0.000925004
0.000915004
0.000905003
0.000895004
0.000885004
0.000875004
0.000865004
0.000855005
0.000845005
0.000835005
0.000825005
0.000815005
0.000805005
0.000795005
0.000785006
0.000775005
0.000765006
0.000755005
0.000745005
0.000735005
0.000725005
0.000715005
0.000705005
0.000695005
0.000685005
0.000675005
0.000665005
0.000655005
0.000645005
0.000635005
0.000625005
0.000615004
0.000605004
0.000595004
0.000585004
0.000575004
0.000565004
0.000555004
0.000545004
0.000535004
0.000525004
0.000515004
0.000505004
0.000495003
0.000485004
0.000475003
0.000465003
0.000455003
0.000445003
0.000435003
0.000425003
0.000415003
0.000405003
0.000395003
0.000385003
0.000375003
0.000365003
0.000355003
0.000345003
0.000335003
0.000325003
0.000315003
0.000305003
0.000295003
0.000285003
0.000275003
0.000265003
0.000255003
0.000245003
0.000235003
0.000225003
0.000215002
0.000205002
0.000195002
0.000185002
0.000175002
0.000165002
0.000155002
0.000145002
0.000135001
0.000125001
0.000115001
0.000105001
9.50008e-05
8.50009e-05
7.50006e-05
6.50007e-05
5.50005e-05
4.50005e-05
3.50002e-05
2.50006e-05
1.5e-05
4.99969e-06
0.000994178
0.000985841
0.000974697
0.000964963
0.000955077
0.000944992
0.000934992
0.000925006
0.000915004
0.000905003
0.000895003
0.000885004
0.000875004
0.000865004
0.000855004
0.000845005
0.000835005
0.000825005
0.000815005
0.000805005
0.000795005
0.000785005
0.000775005
0.000765005
0.000755005
0.000745005
0.000735005
0.000725005
0.000715005
0.000705005
0.000695005
0.000685005
0.000675005
0.000665005
0.000655005
0.000645005
0.000635005
0.000625005
0.000615005
0.000605004
0.000595004
0.000585004
0.000575004
0.000565004
0.000555004
0.000545004
0.000535004
0.000525004
0.000515004
0.000505004
0.000495003
0.000485003
0.000475003
0.000465003
0.000455003
0.000445003
0.000435003
0.000425003
0.000415003
0.000405003
0.000395003
0.000385003
0.000375003
0.000365003
0.000355003
0.000345003
0.000335003
0.000325003
0.000315003
0.000305003
0.000295003
0.000285003
0.000275003
0.000265003
0.000255003
0.000245003
0.000235003
0.000225002
0.000215002
0.000205002
0.000195002
0.000185002
0.000175002
0.000165002
0.000155002
0.000145002
0.000135002
0.000125001
0.000115001
0.000105001
9.50009e-05
8.50008e-05
7.50007e-05
6.50006e-05
5.50006e-05
4.50005e-05
3.50001e-05
2.50005e-05
1.50002e-05
4.99991e-06
0.00099421
0.000985702
0.000974591
0.000964989
0.000955093
0.000944987
0.00093499
0.000925006
0.000915005
0.000905003
0.000895003
0.000885004
0.000875004
0.000865004
0.000855004
0.000845005
0.000835005
0.000825005
0.000815005
0.000805005
0.000795005
0.000785005
0.000775005
0.000765005
0.000755005
0.000745005
0.000735005
0.000725005
0.000715005
0.000705005
0.000695005
0.000685005
0.000675005
0.000665005
0.000655005
0.000645005
0.000635005
0.000625005
0.000615005
0.000605004
0.000595004
0.000585004
0.000575004
0.000565004
0.000555004
0.000545004
0.000535004
0.000525004
0.000515004
0.000505004
0.000495004
0.000485003
0.000475003
0.000465003
0.000455003
0.000445003
0.000435003
0.000425003
0.000415003
0.000405003
0.000395003
0.000385003
0.000375003
0.000365003
0.000355003
0.000345003
0.000335003
0.000325003
0.000315003
0.000305003
0.000295003
0.000285003
0.000275003
0.000265003
0.000255003
0.000245003
0.000235003
0.000225002
0.000215002
0.000205002
0.000195002
0.000185002
0.000175002
0.000165002
0.000155002
0.000145002
0.000135001
0.000125001
0.000115001
0.000105001
9.5001e-05
8.50008e-05
7.50008e-05
6.50006e-05
5.50006e-05
4.50005e-05
3.50001e-05
2.50003e-05
1.50001e-05
4.99998e-06
0.000994185
0.000985834
0.00097468
0.000964972
0.000955078
0.000944992
0.00093499
0.000925007
0.000915004
0.000905004
0.000895003
0.000885004
0.000875004
0.000865004
0.000855004
0.000845005
0.000835005
0.000825005
0.000815005
0.000805005
0.000795005
0.000785005
0.000775006
0.000765005
0.000755005
0.000745005
0.000735005
0.000725005
0.000715005
0.000705005
0.000695005
0.000685005
0.000675005
0.000665005
0.000655005
0.000645005
0.000635005
0.000625005
0.000615005
0.000605004
0.000595004
0.000585004
0.000575004
0.000565004
0.000555004
0.000545004
0.000535004
0.000525004
0.000515004
0.000505003
0.000495004
0.000485003
0.000475004
0.000465003
0.000455004
0.000445003
0.000435004
0.000425003
0.000415004
0.000405003
0.000395004
0.000385003
0.000375004
0.000365003
0.000355003
0.000345003
0.000335003
0.000325003
0.000315003
0.000305003
0.000295003
0.000285003
0.000275003
0.000265003
0.000255003
0.000245002
0.000235003
0.000225002
0.000215003
0.000205002
0.000195003
0.000185002
0.000175002
0.000165002
0.000155002
0.000145001
0.000135002
0.000125001
0.000115001
0.000105001
9.50012e-05
8.50006e-05
7.50009e-05
6.50004e-05
5.50008e-05
4.50004e-05
3.50003e-05
2.50004e-05
1.50004e-05
4.99984e-06
0.000993967
0.000985579
0.000974861
0.000964954
0.000955044
0.000944994
0.000934997
0.000925004
0.000915005
0.000905003
0.000895004
0.000885004
0.000875004
0.000865004
0.000855005
0.000845005
0.000835005
0.000825005
0.000815005
0.000805005
0.000795005
0.000785006
0.000775005
0.000765006
0.000755005
0.000745006
0.000735005
0.000725006
0.000715005
0.000705005
0.000695005
0.000685005
0.000675005
0.000665005
0.000655005
0.000645005
0.000635005
0.000625005
0.000615004
0.000605005
0.000595004
0.000585004
0.000575004
0.000565004
0.000555004
0.000545004
0.000535004
0.000525004
0.000515003
0.000505004
0.000495003
0.000485004
0.000475003
0.000465004
0.000455003
0.000445004
0.000435003
0.000425004
0.000415003
0.000405003
0.000395003
0.000385003
0.000375003
0.000365003
0.000355003
0.000345003
0.000335003
0.000325003
0.000315003
0.000305003
0.000295003
0.000285003
0.000275003
0.000265003
0.000255003
0.000245003
0.000235002
0.000225003
0.000215002
0.000205003
0.000195002
0.000185002
0.000175002
0.000165002
0.000155002
0.000145002
0.000135001
0.000125001
0.000115001
0.000105001
9.50007e-05
8.50009e-05
7.50006e-05
6.50007e-05
5.50004e-05
4.50006e-05
3.50001e-05
2.50006e-05
1.5e-05
4.99967e-06
0.000994823
0.000985035
0.000974957
0.000964995
0.000955008
0.000945
0.000935002
0.000925004
0.000915003
0.000905003
0.000895004
0.000885004
0.000875004
0.000865004
0.000855004
0.000845005
0.000835005
0.000825005
0.000815005
0.000805005
0.000795005
0.000785005
0.000775005
0.000765005
0.000755005
0.000745005
0.000735005
0.000725005
0.000715005
0.000705005
0.000695005
0.000685005
0.000675005
0.000665005
0.000655005
0.000645005
0.000635005
0.000625005
0.000615004
0.000605004
0.000595004
0.000585004
0.000575004
0.000565004
0.000555004
0.000545004
0.000535004
0.000525004
0.000515004
0.000505004
0.000495003
0.000485003
0.000475003
0.000465003
0.000455003
0.000445003
0.000435003
0.000425003
0.000415003
0.000405003
0.000395003
0.000385003
0.000375003
0.000365003
0.000355003
0.000345003
0.000335003
0.000325003
0.000315003
0.000305003
0.000295003
0.000285003
0.000275003
0.000265003
0.000255003
0.000245003
0.000235003
0.000225003
0.000215002
0.000205002
0.000195002
0.000185002
0.000175002
0.000165002
0.000155002
0.000145002
0.000135001
0.000125001
0.000115001
0.000105001
9.50009e-05
8.50008e-05
7.50007e-05
6.50006e-05
5.50005e-05
4.50005e-05
3.50003e-05
2.50003e-05
1.50002e-05
5.00001e-06
0.00099482
0.000985031
0.000974968
0.000964994
0.000955007
0.000945001
0.000935002
0.000925003
0.000915003
0.000905003
0.000895004
0.000885004
0.000875004
0.000865004
0.000855004
0.000845005
0.000835005
0.000825005
0.000815005
0.000805005
0.000795005
0.000785005
0.000775005
0.000765005
0.000755005
0.000745005
0.000735005
0.000725005
0.000715005
0.000705005
0.000695005
0.000685005
0.000675005
0.000665005
0.000655005
0.000645005
0.000635005
0.000625005
0.000615004
0.000605004
0.000595004
0.000585004
0.000575004
0.000565004
0.000555004
0.000545004
0.000535004
0.000525004
0.000515004
0.000505004
0.000495003
0.000485003
0.000475003
0.000465003
0.000455003
0.000445003
0.000435003
0.000425003
0.000415003
0.000405003
0.000395003
0.000385003
0.000375003
0.000365003
0.000355003
0.000345003
0.000335003
0.000325003
0.000315003
0.000305003
0.000295003
0.000285003
0.000275003
0.000265003
0.000255003
0.000245003
0.000235003
0.000225003
0.000215002
0.000205002
0.000195002
0.000185002
0.000175002
0.000165002
0.000155002
0.000145002
0.000135001
0.000125001
0.000115001
0.000105001
9.50009e-05
8.50008e-05
7.50007e-05
6.50006e-05
5.50005e-05
4.50005e-05
3.50003e-05
2.50003e-05
1.50002e-05
5.00001e-06
0.000994025
0.000985408
0.000974906
0.000964966
0.000955032
0.000944999
0.000934997
0.000925005
0.000915004
0.000905004
0.000895004
0.000885004
0.000875004
0.000865004
0.000855004
0.000845005
0.000835005
0.000825005
0.000815005
0.000805005
0.000795005
0.000785005
0.000775006
0.000765005
0.000755005
0.000745005
0.000735005
0.000725005
0.000715005
0.000705005
0.000695005
0.000685005
0.000675005
0.000665005
0.000655005
0.000645005
0.000635005
0.000625005
0.000615005
0.000605004
0.000595004
0.000585004
0.000575004
0.000565004
0.000555004
0.000545004
0.000535004
0.000525004
0.000515004
0.000505003
0.000495004
0.000485003
0.000475003
0.000465003
0.000455003
0.000445003
0.000435003
0.000425003
0.000415003
0.000405003
0.000395003
0.000385003
0.000375003
0.000365003
0.000355003
0.000345003
0.000335003
0.000325003
0.000315003
0.000305003
0.000295003
0.000285003
0.000275003
0.000265003
0.000255003
0.000245003
0.000235003
0.000225002
0.000215003
0.000205002
0.000195002
0.000185002
0.000175002
0.000165002
0.000155002
0.000145001
0.000135002
0.000125001
0.000115001
0.000105001
9.5001e-05
8.50007e-05
7.50008e-05
6.50005e-05
5.50006e-05
4.50004e-05
3.50003e-05
2.50004e-05
1.5e-05
4.99971e-06
0.000994031
0.000985831
0.000974791
0.00096496
0.000955067
0.000944994
0.000934994
0.000925005
0.000915004
0.000905003
0.000895004
0.000885004
0.000875004
0.000865004
0.000855004
0.000845005
0.000835005
0.000825005
0.000815005
0.000805005
0.000795005
0.000785005
0.000775005
0.000765005
0.000755005
0.000745005
0.000735005
0.000725005
0.000715005
0.000705005
0.000695005
0.000685005
0.000675005
0.000665005
0.000655005
0.000645005
0.000635005
0.000625005
0.000615004
0.000605004
0.000595004
0.000585004
0.000575004
0.000565004
0.000555004
0.000545004
0.000535004
0.000525004
0.000515004
0.000505004
0.000495003
0.000485003
0.000475003
0.000465003
0.000455003
0.000445003
0.000435003
0.000425003
0.000415003
0.000405003
0.000395003
0.000385003
0.000375003
0.000365003
0.000355003
0.000345003
0.000335003
0.000325003
0.000315003
0.000305003
0.000295003
0.000285003
0.000275003
0.000265003
0.000255003
0.000245003
0.000235003
0.000225002
0.000215002
0.000205002
0.000195002
0.000185002
0.000175002
0.000165002
0.000155002
0.000145002
0.000135001
0.000125001
0.000115001
0.000105001
9.50009e-05
8.50008e-05
7.50007e-05
6.50006e-05
5.50006e-05
4.50005e-05
3.50002e-05
2.50006e-05
1.50002e-05
4.99979e-06
0.000994185
0.000985834
0.000974681
0.000964971
0.000955078
0.000944992
0.00093499
0.000925007
0.000915004
0.000905004
0.000895003
0.000885004
0.000875004
0.000865004
0.000855004
0.000845005
0.000835005
0.000825005
0.000815005
0.000805005
0.000795005
0.000785005
0.000775006
0.000765005
0.000755005
0.000745005
0.000735005
0.000725005
0.000715005
0.000705005
0.000695005
0.000685005
0.000675005
0.000665005
0.000655005
0.000645005
0.000635005
0.000625005
0.000615005
0.000605004
0.000595004
0.000585004
0.000575004
0.000565004
0.000555004
0.000545004
0.000535004
0.000525004
0.000515004
0.000505003
0.000495004
0.000485003
0.000475004
0.000465003
0.000455004
0.000445003
0.000435004
0.000425003
0.000415004
0.000405003
0.000395004
0.000385003
0.000375003
0.000365003
0.000355003
0.000345003
0.000335003
0.000325003
0.000315003
0.000305003
0.000295003
0.000285003
0.000275003
0.000265003
0.000255003
0.000245002
0.000235003
0.000225002
0.000215003
0.000205002
0.000195002
0.000185002
0.000175002
0.000165002
0.000155002
0.000145001
0.000135002
0.000125001
0.000115001
0.000105001
9.50011e-05
8.50007e-05
7.50009e-05
6.50005e-05
5.50007e-05
4.50004e-05
3.50003e-05
2.50004e-05
1.50004e-05
4.99984e-06
0.000994029
0.000985827
0.000974789
0.000964961
0.000955071
0.000944991
0.000934995
0.000925004
0.000915005
0.000905003
0.000895004
0.000885004
0.000875004
0.000865004
0.000855004
0.000845005
0.000835005
0.000825005
0.000815005
0.000805005
0.000795005
0.000785006
0.000775005
0.000765006
0.000755005
0.000745006
0.000735005
0.000725006
0.000715005
0.000705005
0.000695005
0.000685005
0.000675005
0.000665005
0.000655005
0.000645005
0.000635005
0.000625005
0.000615004
0.000605005
0.000595004
0.000585004
0.000575004
0.000565004
0.000555004
0.000545004
0.000535004
0.000525004
0.000515003
0.000505004
0.000495003
0.000485004
0.000475003
0.000465004
0.000455003
0.000445004
0.000435003
0.000425004
0.000415003
0.000405004
0.000395003
0.000385004
0.000375003
0.000365004
0.000355003
0.000345003
0.000335003
0.000325003
0.000315003
0.000305003
0.000295003
0.000285003
0.000275003
0.000265003
0.000255002
0.000245003
0.000235002
0.000225003
0.000215002
0.000205003
0.000195002
0.000185002
0.000175002
0.000165002
0.000155001
0.000145002
0.000135001
0.000125002
0.000115001
0.000105001
9.50007e-05
8.5001e-05
7.50005e-05
6.50008e-05
5.50004e-05
4.50007e-05
3.5e-05
2.50008e-05
1.50001e-05
4.99977e-06
0.000994035
0.000985402
0.000974899
0.00096497
0.000955035
0.000944996
0.000934997
0.000925005
0.000915004
0.000905003
0.000895004
0.000885004
0.000875004
0.000865004
0.000855004
0.000845005
0.000835005
0.000825005
0.000815005
0.000805005
0.000795005
0.000785005
0.000775005
0.000765005
0.000755005
0.000745005
0.000735005
0.000725005
0.000715005
0.000705005
0.000695005
0.000685005
0.000675005
0.000665005
0.000655005
0.000645005
0.000635005
0.000625005
0.000615005
0.000605004
0.000595004
0.000585004
0.000575004
0.000565004
0.000555004
0.000545004
0.000535004
0.000525004
0.000515004
0.000505004
0.000495003
0.000485003
0.000475003
0.000465003
0.000455003
0.000445003
0.000435003
0.000425003
0.000415003
0.000405003
0.000395003
0.000385003
0.000375003
0.000365003
0.000355003
0.000345003
0.000335003
0.000325003
0.000315003
0.000305003
0.000295003
0.000285003
0.000275003
0.000265003
0.000255003
0.000245003
0.000235003
0.000225003
0.000215002
0.000205002
0.000195002
0.000185002
0.000175002
0.000165002
0.000155002
0.000145002
0.000135001
0.000125001
0.000115001
0.000105001
9.50009e-05
8.50008e-05
7.50007e-05
6.50006e-05
5.50005e-05
4.50005e-05
3.50003e-05
2.50004e-05
1.5e-05
4.99973e-06
0.000994824
0.000985031
0.000974966
0.000964996
0.000955008
0.000945
0.000935002
0.000925004
0.000915003
0.000905003
0.000895004
0.000885004
0.000875004
0.000865004
0.000855004
0.000845005
0.000835005
0.000825005
0.000815005
0.000805005
0.000795005
0.000785005
0.000775005
0.000765005
0.000755005
0.000745005
0.000735005
0.000725005
0.000715005
0.000705005
0.000695005
0.000685005
0.000675005
0.000665005
0.000655005
0.000645005
0.000635005
0.000625005
0.000615005
0.000605004
0.000595004
0.000585004
0.000575004
0.000565004
0.000555004
0.000545004
0.000535004
0.000525004
0.000515004
0.000505004
0.000495004
0.000485003
0.000475003
0.000465003
0.000455003
0.000445003
0.000435003
0.000425003
0.000415003
0.000405003
0.000395003
0.000385003
0.000375003
0.000365003
0.000355003
0.000345003
0.000335003
0.000325003
0.000315003
0.000305003
0.000295003
0.000285003
0.000275003
0.000265003
0.000255003
0.000245003
0.000235003
0.000225002
0.000215002
0.000205002
0.000195002
0.000185002
0.000175002
0.000165002
0.000155002
0.000145002
0.000135001
0.000125001
0.000115001
0.000105001
9.50009e-05
8.50008e-05
7.50007e-05
6.50006e-05
5.50006e-05
4.50005e-05
3.50003e-05
2.50003e-05
1.50002e-05
5.00001e-06
0.000994767
0.000985045
0.000974948
0.000964996
0.00095501
0.000944999
0.000935001
0.000925004
0.000915003
0.000905003
0.000895004
0.000885004
0.000875004
0.000865004
0.000855004
0.000845005
0.000835005
0.000825005
0.000815005
0.000805005
0.000795005
0.000785005
0.000775005
0.000765005
0.000755005
0.000745005
0.000735005
0.000725005
0.000715005
0.000705005
0.000695005
0.000685005
0.000675005
0.000665005
0.000655005
0.000645005
0.000635005
0.000625005
0.000615005
0.000605004
0.000595004
0.000585004
0.000575004
0.000565004
0.000555004
0.000545004
0.000535004
0.000525004
0.000515004
0.000505004
0.000495004
0.000485003
0.000475003
0.000465003
0.000455003
0.000445003
0.000435003
0.000425003
0.000415003
0.000405003
0.000395003
0.000385003
0.000375003
0.000365003
0.000355003
0.000345003
0.000335003
0.000325003
0.000315003
0.000305003
0.000295003
0.000285003
0.000275003
0.000265003
0.000255003
0.000245003
0.000235003
0.000225002
0.000215002
0.000205002
0.000195002
0.000185002
0.000175002
0.000165002
0.000155002
0.000145002
0.000135001
0.000125001
0.000115001
0.000105001
9.50009e-05
8.50008e-05
7.50007e-05
6.50006e-05
5.50006e-05
4.50004e-05
3.50003e-05
2.50003e-05
1.50002e-05
4.99999e-06
0.000994025
0.000985403
0.000974903
0.00096497
0.000955033
0.000944997
0.000934996
0.000925005
0.000915003
0.000905003
0.000895003
0.000885004
0.000875004
0.000865004
0.000855004
0.000845005
0.000835005
0.000825005
0.000815005
0.000805005
0.000795005
0.000785005
0.000775006
0.000765005
0.000755006
0.000745005
0.000735005
0.000725005
0.000715005
0.000705005
0.000695005
0.000685005
0.000675005
0.000665005
0.000655005
0.000645005
0.000635005
0.000625005
0.000615005
0.000605004
0.000595004
0.000585004
0.000575004
0.000565004
0.000555004
0.000545004
0.000535004
0.000525004
0.000515004
0.000505003
0.000495004
0.000485003
0.000475003
0.000465003
0.000455003
0.000445003
0.000435003
0.000425003
0.000415003
0.000405003
0.000395003
0.000385003
0.000375003
0.000365003
0.000355003
0.000345003
0.000335003
0.000325003
0.000315003
0.000305003
0.000295003
0.000285003
0.000275003
0.000265003
0.000255003
0.000245003
0.000235003
0.000225002
0.000215003
0.000205002
0.000195002
0.000185002
0.000175002
0.000165002
0.000155002
0.000145001
0.000135002
0.000125001
0.000115001
0.000105001
9.5001e-05
8.50007e-05
7.50008e-05
6.50005e-05
5.50006e-05
4.50004e-05
3.50003e-05
2.50004e-05
1.50001e-05
4.9997e-06
0.000993967
0.00098558
0.000974861
0.000964954
0.000955044
0.000944993
0.000934996
0.000925004
0.000915004
0.000905003
0.000895004
0.000885004
0.000875004
0.000865004
0.000855004
0.000845005
0.000835005
0.000825005
0.000815005
0.000805005
0.000795005
0.000785005
0.000775005
0.000765006
0.000755005
0.000745005
0.000735005
0.000725005
0.000715005
0.000705005
0.000695005
0.000685005
0.000675005
0.000665005
0.000655005
0.000645005
0.000635005
0.000625005
0.000615004
0.000605004
0.000595004
0.000585004
0.000575004
0.000565004
0.000555004
0.000545004
0.000535004
0.000525004
0.000515003
0.000505004
0.000495003
0.000485004
0.000475003
0.000465003
0.000455003
0.000445004
0.000435003
0.000425004
0.000415003
0.000405003
0.000395003
0.000385003
0.000375003
0.000365003
0.000355003
0.000345003
0.000335003
0.000325003
0.000315003
0.000305003
0.000295003
0.000285003
0.000275003
0.000265003
0.000255003
0.000245003
0.000235002
0.000225003
0.000215002
0.000205003
0.000195002
0.000185002
0.000175002
0.000165002
0.000155002
0.000145002
0.000135001
0.000125001
0.000115001
0.000105001
9.50008e-05
8.50009e-05
7.50006e-05
6.50007e-05
5.50004e-05
4.50006e-05
3.50001e-05
2.50006e-05
1.5e-05
4.99968e-06
0.000994035
0.000985402
0.000974899
0.00096497
0.000955035
0.000944996
0.000934997
0.000925004
0.000915004
0.000905003
0.000895004
0.000885004
0.000875004
0.000865004
0.000855004
0.000845005
0.000835005
0.000825005
0.000815005
0.000805005
0.000795005
0.000785005
0.000775005
0.000765005
0.000755005
0.000745005
0.000735005
0.000725005
0.000715005
0.000705005
0.000695005
0.000685005
0.000675005
0.000665005
0.000655005
0.000645005
0.000635005
0.000625005
0.000615004
0.000605004
0.000595004
0.000585004
0.000575004
0.000565004
0.000555004
0.000545004
0.000535004
0.000525004
0.000515004
0.000505004
0.000495003
0.000485003
0.000475003
0.000465003
0.000455003
0.000445003
0.000435003
0.000425003
0.000415003
0.000405003
0.000395003
0.000385003
0.000375003
0.000365003
0.000355003
0.000345003
0.000335003
0.000325003
0.000315003
0.000305003
0.000295003
0.000285003
0.000275003
0.000265003
0.000255003
0.000245003
0.000235003
0.000225003
0.000215002
0.000205002
0.000195002
0.000185002
0.000175002
0.000165002
0.000155002
0.000145002
0.000135001
0.000125001
0.000115001
0.000105001
9.50009e-05
8.50008e-05
7.50007e-05
6.50006e-05
5.50005e-05
4.50005e-05
3.50003e-05
2.50004e-05
1.5e-05
4.99973e-06
0.000994769
0.000985044
0.000974946
0.000964998
0.00095501
0.000944998
0.000935001
0.000925004
0.000915003
0.000905003
0.000895004
0.000885004
0.000875004
0.000865004
0.000855004
0.000845005
0.000835005
0.000825005
0.000815005
0.000805005
0.000795005
0.000785005
0.000775005
0.000765005
0.000755005
0.000745005
0.000735005
0.000725005
0.000715005
0.000705005
0.000695005
0.000685005
0.000675005
0.000665005
0.000655005
0.000645005
0.000635005
0.000625005
0.000615005
0.000605004
0.000595004
0.000585004
0.000575004
0.000565004
0.000555004
0.000545004
0.000535004
0.000525004
0.000515004
0.000505004
0.000495004
0.000485003
0.000475003
0.000465003
0.000455003
0.000445003
0.000435003
0.000425003
0.000415003
0.000405003
0.000395003
0.000385003
0.000375003
0.000365003
0.000355003
0.000345003
0.000335003
0.000325003
0.000315003
0.000305003
0.000295003
0.000285003
0.000275003
0.000265003
0.000255003
0.000245003
0.000235003
0.000225002
0.000215002
0.000205002
0.000195002
0.000185002
0.000175002
0.000165002
0.000155002
0.000145002
0.000135001
0.000125001
0.000115001
0.000105001
9.50009e-05
8.50008e-05
7.50007e-05
6.50006e-05
5.50005e-05
4.50005e-05
3.50003e-05
2.50003e-05
1.50002e-05
5e-06
0.000994823
0.000985031
0.000974967
0.000964996
0.000955008
0.000945001
0.000935002
0.000925003
0.000915003
0.000905003
0.000895004
0.000885004
0.000875004
0.000865004
0.000855004
0.000845005
0.000835005
0.000825005
0.000815005
0.000805005
0.000795005
0.000785005
0.000775005
0.000765005
0.000755005
0.000745005
0.000735005
0.000725005
0.000715005
0.000705005
0.000695005
0.000685005
0.000675005
0.000665005
0.000655005
0.000645005
0.000635005
0.000625005
0.000615005
0.000605004
0.000595004
0.000585004
0.000575004
0.000565004
0.000555004
0.000545004
0.000535004
0.000525004
0.000515004
0.000505004
0.000495004
0.000485003
0.000475003
0.000465003
0.000455003
0.000445003
0.000435003
0.000425003
0.000415003
0.000405003
0.000395003
0.000385003
0.000375003
0.000365003
0.000355003
0.000345003
0.000335003
0.000325003
0.000315003
0.000305003
0.000295003
0.000285003
0.000275003
0.000265003
0.000255003
0.000245003
0.000235003
0.000225002
0.000215002
0.000205002
0.000195002
0.000185002
0.000175002
0.000165002
0.000155002
0.000145002
0.000135001
0.000125001
0.000115001
0.000105001
9.5001e-05
8.50008e-05
7.50007e-05
6.50006e-05
5.50006e-05
4.50005e-05
3.50004e-05
2.50003e-05
1.50002e-05
5.00001e-06
0.000994823
0.000985035
0.000974957
0.000964995
0.000955009
0.000945
0.000935002
0.000925004
0.000915003
0.000905003
0.000895004
0.000885004
0.000875004
0.000865004
0.000855004
0.000845005
0.000835005
0.000825005
0.000815005
0.000805005
0.000795005
0.000785005
0.000775005
0.000765005
0.000755005
0.000745005
0.000735005
0.000725005
0.000715005
0.000705005
0.000695005
0.000685005
0.000675005
0.000665005
0.000655005
0.000645005
0.000635005
0.000625005
0.000615004
0.000605004
0.000595004
0.000585004
0.000575004
0.000565004
0.000555004
0.000545004
0.000535004
0.000525004
0.000515004
0.000505004
0.000495003
0.000485003
0.000475003
0.000465003
0.000455003
0.000445003
0.000435003
0.000425003
0.000415003
0.000405003
0.000395003
0.000385003
0.000375003
0.000365003
0.000355003
0.000345003
0.000335003
0.000325003
0.000315003
0.000305003
0.000295003
0.000285003
0.000275003
0.000265003
0.000255003
0.000245003
0.000235003
0.000225003
0.000215002
0.000205002
0.000195002
0.000185002
0.000175002
0.000165002
0.000155002
0.000145002
0.000135001
0.000125001
0.000115001
0.000105001
9.50009e-05
8.50008e-05
7.50007e-05
6.50006e-05
5.50005e-05
4.50005e-05
3.50003e-05
2.50003e-05
1.50002e-05
5.00001e-06
0.000994824
0.000985031
0.000974966
0.000964996
0.000955008
0.000945
0.000935002
0.000925004
0.000915003
0.000905003
0.000895004
0.000885004
0.000875004
0.000865004
0.000855004
0.000845005
0.000835005
0.000825005
0.000815005
0.000805005
0.000795005
0.000785005
0.000775005
0.000765005
0.000755005
0.000745005
0.000735005
0.000725005
0.000715005
0.000705005
0.000695005
0.000685005
0.000675005
0.000665005
0.000655005
0.000645005
0.000635005
0.000625005
0.000615005
0.000605004
0.000595004
0.000585004
0.000575004
0.000565004
0.000555004
0.000545004
0.000535004
0.000525004
0.000515004
0.000505004
0.000495004
0.000485003
0.000475003
0.000465003
0.000455003
0.000445003
0.000435003
0.000425003
0.000415003
0.000405003
0.000395003
0.000385003
0.000375003
0.000365003
0.000355003
0.000345003
0.000335003
0.000325003
0.000315003
0.000305003
0.000295003
0.000285003
0.000275003
0.000265003
0.000255003
0.000245003
0.000235003
0.000225002
0.000215002
0.000205002
0.000195002
0.000185002
0.000175002
0.000165002
0.000155002
0.000145002
0.000135001
0.000125001
0.000115001
0.000105001
9.5001e-05
8.50008e-05
7.50007e-05
6.50006e-05
5.50006e-05
4.50005e-05
3.50003e-05
2.50003e-05
1.50002e-05
5.00001e-06
)
;

boundaryField
{
    inlet
    {
        type            fixedValue;
        value           uniform 0.001;
    }
    outlet
    {
        type            fixedValue;
        value           uniform 0;
    }
    solids
    {
        type            zeroGradient;
    }
}


// ************************************************************************* //
